x_ext	$X (L)$	$X^{1}_{\infty}$	$X^{2}_{\infty}$	$X^{3}_{\infty}$	$X^{*} (L)$
0.0	40.71228559020387	40.72443475012341	40.71228560353414	40.71633531731103	40.71633531731103
5.0505050505050505e-05	40.695861649030064	40.7243120345436	40.712346961297484	40.71633531731103	40.71633531731103
0.00010101010101010101	40.67943770785625	40.7241893189638	40.712408319060835	40.71633531731103	40.71633531731103
0.00015151515151515152	40.66301376668245	40.724066603384	40.71246967682418	40.71633531731103	40.71633531731103
0.00020202020202020202	40.646589825508634	40.723943887804204	40.71253103458752	40.71633531731103	40.71633531731103
0.0002525252525252525	40.63016588433483	40.7238211722244	40.71259239235087	40.71633531731103	40.71633531731103
0.00030303030303030303	40.61374194316102	40.7236984566446	40.712653750114214	40.71633531731103	40.71633531731103
0.00035353535353535354	40.59731800198721	40.7235757410648	40.712715107877564	40.71633531731103	40.71633531731103
0.00040404040404040404	40.5808940608134	40.72345302548499	40.71277646564091	40.71633531731103	40.71633531731103
0.00045454545454545455	40.564470119639594	40.723330309905194	40.71283782340426	40.71633531731103	40.71633531731103
0.000505050505050505	40.54804617846578	40.723207594325395	40.7128991811676	40.71633531731103	40.71633531731103
0.0005555555555555556	40.53162223729198	40.72308487874559	40.71296053893095	40.71633531731103	40.71633531731103
0.0006060606060606061	40.515198296118164	40.72296216316579	40.71302189669429	40.71633531731103	40.71633531731103
0.0006565656565656566	40.49877435494436	40.72283944758599	40.71308325445764	40.71633531731103	40.71633531731103
0.0007070707070707071	40.48235041377055	40.722716732006184	40.71314461222099	40.71633531731103	40.71633531731103
0.0007575757575757576	40.46592647259674	40.722594016426385	40.71320596998434	40.71633531731103	40.71633531731103
0.0008080808080808081	40.44950253142293	40.722471300846586	40.71326732774768	40.71633531731103	40.71633531731103
0.0008585858585858586	40.433078590249124	40.72234858526678	40.71332868551103	40.71633531731103	40.71633531731103
0.0009090909090909091	40.41665464907531	40.72222586968698	40.71339004327437	40.71633531731103	40.71633531731103
0.0009595959595959596	40.40023070790151	40.72210315410718	40.71345140103772	40.71633531731103	40.71633531731103
0.00101010101010101	40.383806766727695	40.72198043852738	40.713512758801066	40.71633531731103	40.71633531731103
0.0010606060606060605	40.36738282555389	40.721857722947576	40.71357411656441	40.71633531731103	40.71633531731103
0.0011111111111111111	40.35095888438008	40.721735007367776	40.71363547432776	40.71633531731103	40.71633531731103
0.0011616161616161617	40.33453494320627	40.72161229178798	40.7136968320911	40.71633531731103	40.71633531731103
0.0012121212121212121	40.31811100203247	40.72148957620817	40.71375818985445	40.71633531731103	40.71633531731103
0.0012626262626262625	40.301687060858654	40.72136686062837	40.713819547617796	40.71633531731103	40.71633531731103
0.0013131313131313131	40.28526311968485	40.72124414504857	40.713880905381146	40.71633531731103	40.71633531731103
0.0013636363636363637	40.26883917851104	40.72112142946877	40.71394226314449	40.71633531731103	40.71633531731103
0.0014141414141414141	40.25241523733723	40.72099871388897	40.71400362090784	40.71633531731103	40.71633531731103
0.0014646464646464645	40.23599129616342	40.72087599830917	40.71406497867118	40.71633531731103	40.71633531731103
0.0015151515151515152	40.219567354989614	40.72075328272936	40.71412633643453	40.71633531731103	40.71633531731103
0.0015656565656565658	40.2031434138158	40.72063056714956	40.714187694197875	40.71633531731103	40.71633531731103
0.0016161616161616162	40.186719472642	40.720507851569764	40.714249051961225	40.71633531731103	40.71633531731103
0.0016666666666666666	40.170295531468184	40.720385135989964	40.71431040972457	40.71633531731103	40.71633531731103
0.0017171717171717172	40.15387159029438	40.72026242041016	40.71437176748792	40.71633531731103	40.71633531731103
0.0017676767676767678	40.13744764912057	40.72013970483036	40.71443312525126	40.71633531731103	40.71633531731103
0.0018181818181818182	40.12102370794676	40.72001698925056	40.714494483014604	40.71633531731103	40.71633531731103
0.0018686868686868686	40.10459976677295	40.719894273670754	40.714555840777955	40.71633531731103	40.71633531731103
0.0019191919191919192	40.088175825599144	40.719771558090954	40.7146171985413	40.71633531731103	40.71633531731103
0.00196969696969697	40.07175188442533	40.719648842511155	40.71467855630465	40.71633531731103	40.71633531731103
0.00202020202020202	40.05532794325153	40.71952612693135	40.71473991406799	40.71633531731103	40.71633531731103
0.0020707070707070706	40.038904002077714	40.71940341135155	40.71480127183134	40.71633531731103	40.71633531731103
0.002121212121212121	40.02248006090391	40.71928069577175	40.714862629594684	40.71633531731103	40.71633531731103
0.002171717171717172	40.0060561197301	40.719157980191945	40.714923987358034	40.71633531731103	40.71633531731103
0.0022222222222222222	39.98963217855629	40.719035264612145	40.71498534512138	40.71633531731103	40.71633531731103
0.0022727272727272726	39.97320823738248	40.718912549032346	40.71504670288473	40.71633531731103	40.71633531731103
0.0023232323232323234	39.956784296208674	40.71878983345254	40.71510806064807	40.71633531731103	40.71633531731103
0.002373737373737374	39.94036035503486	40.71866711787274	40.71516941841142	40.71633531731103	40.71633531731103
0.0024242424242424242	39.92393641386106	40.71854440229294	40.715230776174764	40.71633531731103	40.71633531731103
0.0024747474747474746	39.907512472687245	40.71842168671314	40.715292133938114	40.71633531731103	40.71633531731103
0.002525252525252525	39.89108853151344	40.718298971133336	40.71535349170146	40.71633531731103	40.71633531731103
0.002575757575757576	39.87466459033963	40.71817625555354	40.71541484946481	40.71633531731103	40.71633531731103
0.0026262626262626263	39.85824064916582	40.71805353997374	40.71547620722815	40.71633531731103	40.71633531731103
0.0026767676767676767	39.84181670799201	40.71793082439393	40.71553756499149	40.71633531731103	40.71633531731103
0.0027272727272727275	39.825392766818204	40.71780810881413	40.71559892275484	40.71633531731103	40.71633531731103
0.002777777777777778	39.80896882564439	40.71768539323433	40.715660280518186	40.71633531731103	40.71633531731103
0.0028282828282828283	39.79254488447059	40.71756267765453	40.715721638281536	40.71633531731103	40.71633531731103
0.0028787878787878787	39.776120943296775	40.71743996207473	40.71578299604488	40.71633531731103	40.71633531731103
0.002929292929292929	39.75969700212297	40.71731724649493	40.71584435380823	40.71633531731103	40.71633531731103
0.00297979797979798	39.74327306094916	40.71719453091512	40.71590571157157	40.71633531731103	40.71633531731103
0.0030303030303030303	39.72684911977535	40.71707181533532	40.71596706933492	40.71633531731103	40.71633531731103
0.0030808080808080807	39.71042517860155	40.716949099755524	40.716028427098266	40.71633531731103	40.71633531731103
0.0031313131313131315	39.694001237427734	40.716826384175725	40.716089784861616	40.71633531731103	40.71633531731103
0.003181818181818182	39.67757729625393	40.71670366859592	40.71615114262496	40.71633531731103	40.71633531731103
0.0032323232323232323	39.66115335508012	40.71658095301612	40.71621250038831	40.71633531731103	40.71633531731103
0.0032828282828282827	39.64472941390631	40.71645823743632	40.71627385815165	40.71633531731103	40.71633531731103
0.003333333333333333	39.6283054727325	40.716335521856514	40.716335215915	40.71633531731103	40.71633531731103
0.003383838383838384	39.611881531558694	40.716212806276715	40.716396573678345	40.71633531731103	40.71633531731103
0.0034343434343434343	39.59545759038488	40.716090090696916	40.71645793144169	40.71633531731103	40.71633531731103
0.0034848484848484847	39.57903364921108	40.71596737511711	40.71651928920504	40.71633531731103	40.71633531731103
0.0035353535353535356	39.562609708037265	40.71584465953731	40.71658064696838	40.71633531731103	40.71633531731103
0.003585858585858586	39.54618576686346	40.71572194395751	40.71664200473173	40.71633531731103	40.71633531731103
0.0036363636363636364	39.52976182568965	40.715599228377705	40.716703362495075	40.71633531731103	40.71633531731103
0.0036868686868686868	39.51333788451584	40.715476512797906	40.716764720258425	40.71633531731103	40.71633531731103
0.003737373737373737	39.49691394334203	40.71535379721811	40.71682607802177	40.71633531731103	40.71633531731103
0.003787878787878788	39.480490002168224	40.7152310816383	40.71688743578512	40.71633531731103	40.71633531731103
0.0038383838383838384	39.46406606099441	40.7151083660585	40.71694879354846	40.71633531731103	40.71633531731103
0.0038888888888888888	39.44764211982061	40.7149856504787	40.71701015131181	40.71633531731103	40.71633531731103
0.00393939393939394	39.431218178646795	40.7148629348989	40.717071509075154	40.71633531731103	40.71633531731103
0.00398989898989899	39.41479423747299	40.7147402193191	40.717132866838504	40.71633531731103	40.71633531731103
0.00404040404040404	39.39837029629918	40.7146175037393	40.71719422460185	40.71633531731103	40.71633531731103
0.004090909090909091	39.38194635512537	40.7144947881595	40.7172555823652	40.71633531731103	40.71633531731103
0.004141414141414141	39.36552241395156	40.71437207257969	40.71731694012854	40.71633531731103	40.71633531731103
0.004191919191919192	39.349098472777754	40.71424935699989	40.71737829789189	40.71633531731103	40.71633531731103
0.004242424242424242	39.33267453160394	40.714126641420094	40.717439655655234	40.71633531731103	40.71633531731103
0.004292929292929293	39.31625059043014	40.71400392584029	40.71750101341858	40.71633531731103	40.71633531731103
0.004343434343434344	39.299826649256325	40.71388121026049	40.71756237118193	40.71633531731103	40.71633531731103
0.004393939393939394	39.28340270808252	40.71375849468069	40.71762372894527	40.71633531731103	40.71633531731103
0.0044444444444444444	39.26697876690871	40.71363577910088	40.71768508670862	40.71633531731103	40.71633531731103
0.004494949494949495	39.2505548257349	40.713513063521084	40.71774644447196	40.71633531731103	40.71633531731103
0.004545454545454545	39.23413088456109	40.713390347941285	40.71780780223531	40.71633531731103	40.71633531731103
0.004595959595959596	39.217706943387284	40.71326763236148	40.717869159998656	40.71633531731103	40.71633531731103
0.004646464646464647	39.20128300221347	40.71314491678168	40.71793051776201	40.71633531731103	40.71633531731103
0.004696969696969697	39.18485906103967	40.71302220120188	40.71799187552535	40.71633531731103	40.71633531731103
0.004747474747474748	39.168435119865855	40.71289948562208	40.7180532332887	40.71633531731103	40.71633531731103
0.004797979797979798	39.15201117869205	40.712776770042275	40.71811459105204	40.71633531731103	40.71633531731103
0.0048484848484848485	39.13558723751824	40.712654054462476	40.71817594881539	40.71633531731103	40.71633531731103
0.004898989898989899	39.11916329634443	40.71253133888268	40.718237306578736	40.71633531731103	40.71633531731103
0.004949494949494949	39.10273935517063	40.71240862330287	40.718298664342086	40.71633531731103	40.71633531731103
0.005	39.086315413996815	40.71228590772307	40.71836002210543	40.71633531731103	40.71633531731103
