x_ext	$X (L)$	$X^{1}_{\infty}$	$X^{2}_{\infty}$	$X^{3}_{\infty}$	$X^{*} (L)$
0.0	76.35610113107654	76.53190702287317	76.35610964930257	76.41739834248811	76.41470878936364
5.0505050505050505e-05	76.29758174906466	76.53013125009953	76.3569974495185	76.41737114648551	76.41470873175945
0.00010101010101010101	76.2390623670528	76.5283554773259	76.35788524973442	76.4173439504829	76.41470867415526
0.00015151515151515152	76.18054298504093	76.52657970455226	76.35877304995036	76.41731675448028	76.41470861655107
0.00020202020202020202	76.12202360302905	76.52480393177864	76.35966085016628	76.41728955847768	76.41470855894687
0.0002525252525252525	76.06350422101718	76.523028159005	76.36054865038221	76.41726236247507	76.41470850134269
0.00030303030303030303	76.00498483900532	76.52125238623137	76.36143645059813	76.41723516647247	76.41470844373849
0.00035353535353535354	75.94646545699344	76.51947661345773	76.36232425081407	76.41720797046986	76.4147083861343
0.00040404040404040404	75.88794607498157	76.5177008406841	76.36321205102999	76.41718077446724	76.41470832853011
0.00045454545454545455	75.8294266929697	76.51592506791046	76.36409985124592	76.41715357846464	76.41470827092591
0.000505050505050505	75.77090731095782	76.51414929513683	76.36498765146186	76.41712638246203	76.41470821332172
0.0005555555555555556	75.71238792894596	76.51237352236319	76.36587545167778	76.41709918645942	76.41470815571752
0.0006060606060606061	75.65386854693409	76.51059774958956	76.36676325189372	76.41707199045682	76.41470809811334
0.0006565656565656566	75.59534916492221	76.50882197681594	76.36765105210964	76.4170447944542	76.41470804050914
0.0007070707070707071	75.53682978291035	76.5070462040423	76.36853885232557	76.4170175984516	76.41470798290494
0.0007575757575757576	75.47831040089848	76.50527043126867	76.36942665254149	76.41699040244899	76.41470792530076
0.0008080808080808081	75.4197910188866	76.50349465849503	76.37031445275743	76.41696320644638	76.41470786769656
0.0008585858585858586	75.36127163687473	76.5017188857214	76.37120225297335	76.41693601044376	76.41470781009237
0.0009090909090909091	75.30275225486287	76.49994311294776	76.37209005318928	76.41690881444116	76.41470775248818
0.0009595959595959596	75.24423287285099	76.49816734017413	76.3729778534052	76.41688161843855	76.41470769488399
0.00101010101010101	75.18571349083912	76.4963915674005	76.37386565362114	76.41685442243595	76.41470763727979
0.0010606060606060605	75.12719410882725	76.49461579462687	76.37475345383706	76.41682722643334	76.4147075796756
0.0011111111111111111	75.06867472681537	76.49284002185323	76.375641254053	76.41680003043072	76.41470752207141
0.0011616161616161617	75.01015534480351	76.4910642490796	76.37652905426891	76.41677283442812	76.41470746446721
0.0012121212121212121	74.95163596279164	76.48928847630596	76.37741685448485	76.41674563842551	76.41470740686303
0.0012626262626262625	74.89311658077976	76.48751270353233	76.37830465470078	76.4167184424229	76.41470734925883
0.0013131313131313131	74.8345971987679	76.48573693075869	76.3791924549167	76.4166912464203	76.41470729165464
0.0013636363636363637	74.77607781675601	76.48396115798506	76.38008025513264	76.41666405041768	76.41470723405044
0.0014141414141414141	74.71755843474415	76.48218538521142	76.38096805534856	76.41663685441507	76.41470717644626
0.0014646464646464645	74.65903905273228	76.4804096124378	76.3818558555645	76.41660965841247	76.41470711884206
0.0015151515151515152	74.6005196707204	76.47863383966417	76.38274365578042	76.41658246240986	76.41470706123786
0.0015656565656565658	74.54200028870854	76.47685806689053	76.38363145599635	76.41655526640724	76.41470700363368
0.0016161616161616162	74.48348090669667	76.4750822941169	76.38451925621227	76.41652807040464	76.41470694602948
0.0016666666666666666	74.42496152468479	76.47330652134326	76.3854070564282	76.41650087440203	76.41470688842529
0.0017171717171717172	74.36644214267292	76.47153074856963	76.38629485664413	76.41647367839943	76.4147068308211
0.0017676767676767678	74.30792276066106	76.469754975796	76.38718265686006	76.41644648239682	76.4147067732169
0.0018181818181818182	74.24940337864918	76.46797920302237	76.38807045707598	76.4164192863942	76.41470671561271
0.0018686868686868686	74.19088399663731	76.46620343024873	76.38895825729192	76.4163920903916	76.41470665800853
0.0019191919191919192	74.13236461462544	76.4644276574751	76.38984605750784	76.41636489438899	76.41470660040433
0.00196969696969697	74.07384523261356	76.46265188470146	76.39073385772377	76.41633769838639	76.41470654280013
0.00202020202020202	74.0153258506017	76.46087611192783	76.39162165793971	76.41631050238378	76.41470648519595
0.0020707070707070706	73.95680646858983	76.45910033915419	76.39250945815563	76.41628330638116	76.41470642759175
0.002121212121212121	73.89828708657795	76.45732456638056	76.39339725837156	76.41625611037855	76.41470636998756
0.002171717171717172	73.83976770456609	76.45554879360692	76.39428505858749	76.41622891437595	76.41470631238336
0.0022222222222222222	73.78124832255422	76.4537730208333	76.39517285880342	76.41620171837334	76.41470625477918
0.0022727272727272726	73.72272894054234	76.45199724805966	76.39606065901934	76.41617452237074	76.41470619717498
0.0023232323232323234	73.66420955853047	76.45022147528603	76.39694845923528	76.41614732636812	76.41470613957078
0.002373737373737374	73.6056901765186	76.44844570251239	76.3978362594512	76.41612013036551	76.4147060819666
0.0024242424242424242	73.54717079450673	76.44666992973876	76.39872405966713	76.41609293436291	76.4147060243624
0.0024747474747474746	73.48865141249486	76.44489415696513	76.39961185988305	76.4160657383603	76.4147059667582
0.002525252525252525	73.430132030483	76.4431183841915	76.40049966009899	76.41603854235768	76.41470590915402
0.002575757575757576	73.37161264847111	76.44134261141787	76.40138746031491	76.41601134635508	76.41470585154983
0.0026262626262626263	73.31309326645925	76.43956683864423	76.40227526053084	76.41598415035247	76.41470579394563
0.0026767676767676767	73.25457388444738	76.4377910658706	76.40316306074676	76.41595695434987	76.41470573634145
0.0027272727272727275	73.1960545024355	76.43601529309696	76.4040508609627	76.41592975834726	76.41470567873725
0.002777777777777778	73.13753512042364	76.43423952032333	76.40493866117863	76.41590256234464	76.41470562113305
0.0028282828282828283	73.07901573841177	76.43246374754969	76.40582646139455	76.41587536634204	76.41470556352887
0.0028787878787878787	73.02049635639989	76.43068797477606	76.40671426161049	76.41584817033943	76.41470550592467
0.002929292929292929	72.96197697438802	76.42891220200242	76.40760206182641	76.41582097433682	76.41470544832048
0.00297979797979798	72.90345759237616	76.4271364292288	76.40848986204234	76.41579377833422	76.41470539071628
0.0030303030303030303	72.84493821036428	76.42536065645515	76.40937766225827	76.4157665823316	76.4147053331121
0.0030808080808080807	72.78641882835241	76.42358488368153	76.4102654624742	76.415739386329	76.4147052755079
0.0031313131313131315	72.72789944634054	76.42180911090789	76.41115326269012	76.41571219032639	76.4147052179037
0.003181818181818182	72.66938006432866	76.42003333813426	76.41204106290606	76.41568499432378	76.41470516029952
0.0032323232323232323	72.6108606823168	76.41825756536062	76.41292886312198	76.41565779832116	76.41470510269532
0.0032828282828282827	72.55234130030493	76.41648179258699	76.41381666333791	76.41563060231856	76.41470504509113
0.003333333333333333	72.49382191829305	76.41470601981337	76.41470446355383	76.41560340631595	76.41470498748694
0.003383838383838384	72.43530253628118	76.41293024703972	76.41559226376977	76.41557621031335	76.41470492988275
0.0034343434343434343	72.37678315426932	76.4111544742661	76.41648006398569	76.41554901431074	76.41470487227855
0.0034848484848484847	72.31826377225744	76.40937870149246	76.41736786420162	76.41552181830812	76.41470481467437
0.0035353535353535356	72.25974439024557	76.40760292871883	76.41825566441756	76.41549462230552	76.41470475707017
0.003585858585858586	72.2012250082337	76.40582715594519	76.41914346463348	76.41546742630291	76.41470469946597
0.0036363636363636364	72.14270562622183	76.40405138317156	76.42003126484941	76.4154402303003	76.41470464186179
0.0036868686868686868	72.08418624420996	76.40227561039792	76.42091906506533	76.4154130342977	76.41470458425759
0.003737373737373737	72.0256668621981	76.4004998376243	76.42180686528127	76.41538583829508	76.4147045266534
0.003787878787878788	71.96714748018621	76.39872406485065	76.42269466549719	76.41535864229247	76.4147044690492
0.0038383838383838384	71.90862809817435	76.39694829207703	76.42358246571312	76.41533144628987	76.41470441144502
0.0038888888888888888	71.85010871616248	76.39517251930339	76.42447026592905	76.41530425028726	76.41470435384082
0.00393939393939394	71.7915893341506	76.39339674652976	76.42535806614498	76.41527705428464	76.41470429623662
0.00398989898989899	71.73306995213873	76.39162097375612	76.4262458663609	76.41524985828204	76.41470423863244
0.00404040404040404	71.67455057012685	76.38984520098249	76.42713366657684	76.41522266227943	76.41470418102824
0.004090909090909091	71.61603118811499	76.38806942820885	76.42802146679276	76.41519546627683	76.41470412342404
0.004141414141414141	71.55751180610312	76.38629365543522	76.42890926700869	76.41516827027422	76.41470406581986
0.004191919191919192	71.49899242409124	76.3845178826616	76.42979706722461	76.4151410742716	76.41470400821566
0.004242424242424242	71.44047304207938	76.38274210988796	76.43068486744055	76.415113878269	76.41470395061147
0.004292929292929293	71.38195366006751	76.38096633711433	76.43157266765648	76.41508668226639	76.41470389300729
0.004343434343434344	71.32343427805563	76.37919056434069	76.4324604678724	76.41505948626379	76.41470383540309
0.004393939393939394	71.26491489604376	76.37741479156706	76.43334826808834	76.41503229026118	76.41470377779889
0.0044444444444444444	71.2063955140319	76.37563901879342	76.43423606830426	76.41500509425856	76.41470372019471
0.004494949494949495	71.14787613202002	76.3738632460198	76.4351238685202	76.41497789825596	76.41470366259051
0.004545454545454545	71.08935675000815	76.37208747324615	76.43601166873611	76.41495070225335	76.41470360498631
0.004595959595959596	71.03083736799628	76.37031170047253	76.43689946895205	76.41492350625074	76.41470354738212
0.004646464646464647	70.9723179859844	76.36853592769889	76.43778726916797	76.41489631024812	76.41470348977793
0.004696969696969697	70.91379860397254	76.36676015492526	76.4386750693839	76.41486911424552	76.41470343217374
0.004747474747474748	70.85527922196067	76.36498438215162	76.43956286959983	76.41484191824291	76.41470337456954
0.004797979797979798	70.79675983994879	76.36320860937799	76.44045066981576	76.41481472224031	76.41470331696536
0.0048484848484848485	70.73824045793693	76.36143283660435	76.44133847003168	76.4147875262377	76.41470325936116
0.004898989898989899	70.67972107592506	76.35965706383072	76.44222627024762	76.41476033023508	76.41470320175696
0.004949494949494949	70.62120169391318	76.35788129105708	76.44311407046354	76.41473313423248	76.41470314415278
0.005	70.56268231190131	76.35610551828346	76.44400187067947	76.41470593822987	76.41470308654858
