   15.000000000000000     
         100
    0.1031390242E+02    0.7644758764E+01    0.1236487192E+02
    0.6274343941E+01    0.1616730604E+01    0.1168096347E+02
    0.1080952127E+02    0.1365128939E+02    0.6049681314E+01
    0.5713260100E+01    0.1308046522E+01    0.9170856037E+01
    0.1375862385E+02    0.3988528522E+01    0.6427045909E+01
    0.2129266880E+01    0.1037972970E+02    0.8661193760E+01
    0.1209171990E+02    0.1461813155E+02    0.2019611100E+01
    0.8928453502E+01    0.1260333049E+02    0.1286667964E+02
    0.8536758873E+01    0.5609479434E+01    0.4547083911E+01
    0.5804834443E+01    0.1119026953E+00    0.1476577555E+02
    0.1176202027E+02    0.5974081734E+01    0.2756265690E+01
    0.8311327741E+01    0.1680029496E+01    0.1004669360E+02
    0.2561530382E+00    0.7773986100E+01    0.1404672408E+02
    0.8537183241E+01    0.1461201962E+02    0.1116072308E+02
    0.1362884389E+02    0.1322074909E+02    0.9991160905E+01
    0.5627051308E+01    0.8720389311E+01    0.1125416712E+02
    0.2040078213E+01    0.1154310357E+02    0.3424845744E+01
    0.1011224703E+02    0.5229285756E+00    0.1010961069E+01
    0.2526081564E+01    0.7703927715E+01    0.1001471715E+02
    0.9995179888E+01    0.8322433942E+01    0.7256675195E+01
    0.1087432456E+02    0.9908258105E+01    0.7569425468E+01
    0.4476528284E+01    0.1848110395E+01    0.2243927524E+01
    0.1150381466E+02    0.2646887761E+01    0.1367428352E+02
    0.7952439400E+00    0.8007569767E+01    0.6414156104E+01
    0.3178956678E+01    0.8394905107E+01    0.6896597115E+01
    0.4595941247E-01    0.6562786055E+01    0.8078738736E+01
    0.3591441318E+01    0.1238231728E+02    0.1158506577E+01
    0.3681112710E+01    0.6578348489E+01    0.3710820648E+01
    0.1208525853E+02    0.1280814647E+02    0.1387450153E+02
    0.2673767679E+01    0.5363404598E+01    0.8182291806E+01
    0.9043077694E+01    0.1191796470E+02    0.1239392333E+01
    0.1043209100E+02    0.2760900977E+01    0.6320458688E+01
    0.5074735904E+01    0.1468424590E+01    0.1485200380E+02
    0.1015515150E+02    0.1010600706E+02    0.1866833877E+01
    0.6644925016E+01    0.1143920656E+02    0.1683233138E+01
    0.6084992265E+01    0.3282364627E+00    0.1136471249E+02
    0.1804509373E+01    0.5360884580E+01    0.1226224808E+02
    0.5957736871E+01    0.4015900723E+00    0.1274963547E+02
    0.9487677271E+01    0.1118042910E+02    0.9431080841E+00
    0.6802235786E+01    0.5304173279E+01    0.1367697092E+01
    0.5909682870E+01    0.3854566826E+01    0.1158326660E+02
    0.4647934682E+01    0.1450605930E+02    0.1300992716E+02
    0.1235585559E+01    0.7580342521E+01    0.8794650585E+01
    0.1281231875E+02    0.8043921094E+01    0.1111342424E+02
    0.2632620251E+01    0.1163299702E+02    0.1005666829E+02
    0.1240911621E+02    0.1350112822E+02    0.6746733936E+01
    0.2152184668E+01    0.1463195049E+01    0.1254076265E+02
    0.5825105298E-01    0.1180224503E+02    0.9776415631E+01
    0.8279984726E+01    0.1156798376E+02    0.1486913630E+02
    0.1002507941E+02    0.6247584730E+01    0.1181388474E+02
    0.6470305667E+01    0.1397081784E+02    0.1082457738E+02
    0.1889564795E-01    0.3826031285E+01    0.1184807411E+02
    0.6432875566E+01    0.5581439179E+01    0.4164398288E+00
    0.1454128455E+01    0.9312322841E+01    0.6288853131E+01
    0.6577730358E+01    0.1926683498E+01    0.3930805460E+01
    0.5551256826E+00    0.5705954244E+00    0.1103831705E+02
    0.4421351046E+01    0.6736156599E+00    0.6191598102E+01
    0.5519975823E+01    0.5046454280E+01    0.7079814482E+01
    0.2534494163E+01    0.1116180796E+02    0.1232542441E+02
    0.1836407787E+01    0.2483115176E+01    0.5515758372E+01
    0.1936371284E+01    0.1458561870E+02    0.3998127720E+01
    0.1149136946E+02    0.7920922794E+01    0.1297549731E+01
    0.7710182263E+01    0.5843466584E+01    0.6573759572E+01
    0.1477553017E+02    0.1333195195E+02    0.1188895026E+02
    0.1376220185E+02    0.4742021122E+01    0.1327878948E+02
    0.1284043090E+01    0.4355790573E+01    0.2161538994E+01
    0.7103044889E+01    0.2520946569E+01    0.6495601576E+01
    0.4417538297E+01    0.1351419284E+02    0.1166466489E+02
    0.9755123731E+01    0.6796397333E+01    0.3815598501E+01
    0.8279415721E+01    0.6381092265E+01    0.1464323054E+02
    0.1386831960E+02    0.3641431495E+01    0.1223844637E+02
    0.4980702939E+01    0.9439423932E+00    0.1097544313E+01
    0.7006430814E+01    0.8711194438E+01    0.1130533223E+02
    0.1436466956E+02    0.7644874574E+01    0.1732101916E+01
    0.5385467462E+01    0.1251298230E+02    0.3205867585E+01
    0.7502438381E+01    0.2998819106E+00    0.6507152039E+01
    0.5328777931E+01    0.7679558384E+01    0.5824002016E+01
    0.8434583476E+00    0.1750910250E+01    0.6593441907E+01
    0.6876896265E+01    0.1134136252E+02    0.1920407731E-01
    0.5233261136E+01    0.1312931089E+02    0.6377619747E+01
    0.8327587076E+01    0.2557085154E+01    0.2965950331E+01
    0.1895423545E+01    0.1232341023E+02    0.1454689289E+01
    0.7067734332E+01    0.2667474884E+01    0.2798873705E+01
    0.6376754017E+01    0.3574998139E+01    0.5925348726E+01
    0.1653354812E+01    0.1188539206E+02    0.2550006210E+00
    0.5788511648E+01    0.9808022170E+01    0.9922779134E+01
    0.4781691388E+01    0.5981034083E+01    0.8214620217E+01
    0.3526621226E+01    0.4708937421E+01    0.1307824367E+02
    0.1146259142E+02    0.9435341551E+01    0.3768005338E+01
    0.8092859216E+01    0.7607407185E+01    0.1293092269E+02
    0.1250742888E+02    0.4157656599E+01    0.1232828305E+02
    0.9451321145E+00    0.8107596478E+01    0.3208252515E+01
    0.8145455279E+00    0.3626863839E+01    0.9981213413E+01
    0.2800867727E+01    0.8130423481E+01    0.9374029992E+01
    0.1166671470E+02    0.1421740924E+02    0.1350756516E+02
    0.3047871916E+01    0.1071297732E+02    0.1394127805E+02
    0.1428739547E+02    0.8328966489E+01    0.1383039732E+02
    0.1159232404E+02    0.1805442910E+01    0.3697561588E+00
    0.1406572157E+02    0.1121588246E+02    0.1243081475E+02
    0.1015113890E+02    0.1398063517E+02    0.1411546941E+02
