    Distance(R2)          g(r)            g(r)-van_der_vegt
    0.1000000000E-01    0.2500000000E-06    0.2500000000E-06
    0.2000000000E-01    0.2500000000E-05    0.2500000000E-05
    0.3000000000E-01    0.8750000000E-05    0.8750000000E-05
    0.4000000000E-01    0.2100000000E-04    0.2100000000E-04
    0.5000000000E-01    0.4125000000E-04    0.4125000000E-04
    0.6000000000E-01    0.7150000000E-04    0.7150000000E-04
    0.7000000000E-01    0.1137500000E-03    0.1137500000E-03
    0.8000000000E-01    0.1700000000E-03    0.1700000000E-03
    0.9000000000E-01    0.2422500000E-03    0.2422500000E-03
    0.1000000000E+00    0.3325000000E-03    0.3325000000E-03
    0.1100000000E+00    0.4427500000E-03    0.4427500000E-03
    0.1200000000E+00    0.5750000000E-03    0.5750000000E-03
    0.1300000000E+00    0.7312500000E-03    0.7312500000E-03
    0.1400000000E+00    0.9135000000E-03    0.9135000000E-03
    0.1500000000E+00    0.1123750000E-02    0.1123750000E-02
    0.1600000000E+00    0.1364000000E-02    0.1364000000E-02
    0.1700000000E+00    0.1636250000E-02    0.1636250000E-02
    0.1800000000E+00    0.1942500000E-02    0.1942500000E-02
    0.1900000000E+00    0.2284750000E-02    0.2284750000E-02
    0.2000000000E+00    0.2665000000E-02    0.2665000000E-02
    0.2100000000E+00    0.3085250000E-02    0.3085250000E-02
    0.2200000000E+00    0.3547500000E-02    0.3547500000E-02
    0.2300000000E+00    0.4053750000E-02    0.4053750000E-02
    0.2400000000E+00    0.4606000000E-02    0.4606000000E-02
    0.2500000000E+00    0.5206250000E-02    0.5206250000E-02
    0.2600000000E+00    0.5856500000E-02    0.5856500000E-02
    0.2700000000E+00    0.6558750000E-02    0.6558750000E-02
    0.2800000000E+00    0.7315000000E-02    0.7315000000E-02
    0.2900000000E+00    0.8127250000E-02    0.8127250000E-02
    0.3000000000E+00    0.8997500000E-02    0.8997500000E-02
    0.3100000000E+00    0.9927750000E-02    0.9927750000E-02
    0.3200000000E+00    0.1092000000E-01    0.1092000000E-01
    0.3300000000E+00    0.1197625000E-01    0.1197625000E-01
    0.3400000000E+00    0.1309850000E-01    0.1309850000E-01
    0.3500000000E+00    0.1428875000E-01    0.1428875000E-01
    0.3600000000E+00    0.1554900000E-01    0.1554900000E-01
    0.3700000000E+00    0.1688125000E-01    0.1688125000E-01
    0.3800000000E+00    0.1828750000E-01    0.1828750000E-01
    0.3900000000E+00    0.1976975000E-01    0.1976975000E-01
    0.4000000000E+00    0.2133000000E-01    0.2133000000E-01
    0.4100000000E+00    0.2297025000E-01    0.2297025000E-01
    0.4200000000E+00    0.2469250000E-01    0.2469250000E-01
    0.4300000000E+00    0.2649875000E-01    0.2649875000E-01
    0.4400000000E+00    0.2839100000E-01    0.2839100000E-01
    0.4500000000E+00    0.3037125000E-01    0.3037125000E-01
    0.4600000000E+00    0.3244150000E-01    0.3244150000E-01
    0.4700000000E+00    0.3460375000E-01    0.3460375000E-01
    0.4800000000E+00    0.3686000000E-01    0.3686000000E-01
    0.4900000000E+00    0.3921225000E-01    0.3921225000E-01
    0.5000000000E+00    0.4166250000E-01    0.4166250000E-01
    0.5100000000E+00    0.4421275000E-01    0.4421275000E-01
    0.5200000000E+00    0.4686500000E-01    0.4686500000E-01
    0.5300000000E+00    0.4962125000E-01    0.4962125000E-01
    0.5400000000E+00    0.5248350000E-01    0.5248350000E-01
    0.5500000000E+00    0.5545375000E-01    0.5545375000E-01
    0.5600000000E+00    0.5853400000E-01    0.5853400000E-01
    0.5700000000E+00    0.6172625000E-01    0.6172625000E-01
    0.5800000000E+00    0.6503250000E-01    0.6503250000E-01
    0.5900000000E+00    0.6845475000E-01    0.6845475000E-01
    0.6000000000E+00    0.7199500000E-01    0.7199500000E-01
    0.6100000000E+00    0.7565525000E-01    0.7565525000E-01
    0.6200000000E+00    0.7943750000E-01    0.7943750000E-01
    0.6300000000E+00    0.8334375000E-01    0.8334375000E-01
    0.6400000000E+00    0.8737600000E-01    0.8737600000E-01
    0.6500000000E+00    0.9153625000E-01    0.9153625000E-01
    0.6600000000E+00    0.9582650000E-01    0.9582650000E-01
    0.6700000000E+00    0.1002487500E+00    0.1002487500E+00
    0.6800000000E+00    0.1048050000E+00    0.1048050000E+00
    0.6900000000E+00    0.1094972500E+00    0.1094972500E+00
    0.7000000000E+00    0.1143275000E+00    0.1143275000E+00
    0.7100000000E+00    0.1192977500E+00    0.1192977500E+00
    0.7200000000E+00    0.1244100000E+00    0.1244100000E+00
    0.7300000000E+00    0.1296628091E+00    0.1296627782E+00
    0.7400000000E+00    0.1350557698E+00    0.1350556562E+00
    0.7500000000E+00    0.1405861908E+00    0.1405859029E+00
    0.7600000000E+00    0.1462385562E+00    0.1462378544E+00
    0.7700000000E+00    0.1519982492E+00    0.1519967600E+00
    0.7800000000E+00    0.1578177478E+00    0.1578147040E+00
    0.7900000000E+00    0.1636693539E+00    0.1636637756E+00
    0.8000000000E+00    0.1694603960E+00    0.1694506151E+00
    0.8100000000E+00    0.1751490773E+00    0.1751331729E+00
    0.8200000000E+00    0.1806506701E+00    0.1806262050E+00
    0.8300000000E+00    0.1858149183E+00    0.1857786111E+00
    0.8400000000E+00    0.1907449110E+00    0.1906943051E+00
    0.8500000000E+00    0.1952078279E+00    0.1951393593E+00
    0.8600000000E+00    0.1991969323E+00    0.1991074000E+00
    0.8700000000E+00    0.2026526945E+00    0.2025391243E+00
    0.8800000000E+00    0.2056438542E+00    0.2055040596E+00
    0.8900000000E+00    0.2082256653E+00    0.2080581069E+00
    0.9000000000E+00    0.2103303319E+00    0.2101340112E+00
    0.9100000000E+00    0.2119427196E+00    0.2117176035E+00
    0.9200000000E+00    0.2132532017E+00    0.2129997449E+00
    0.9300000000E+00    0.2142457413E+00    0.2139652641E+00
    0.9400000000E+00    0.2149414438E+00    0.2146362534E+00
    0.9500000000E+00    0.2154035332E+00    0.2150766008E+00
    0.9600000000E+00    0.2157084365E+00    0.2153627610E+00
    0.9700000000E+00    0.2158743237E+00    0.2155139918E+00
    0.9800000000E+00    0.2159769090E+00    0.2156046499E+00
    0.9900000000E+00    0.2160083494E+00    0.2156292890E+00
    0.1000000000E+01    0.2160132712E+00    0.2156316795E+00
    0.1010000000E+01    0.2160156562E+00    0.2156367337E+00
    0.1020000000E+01    0.2160314561E+00    0.2156588376E+00
    0.1030000000E+01    0.2160625109E+00    0.2156987371E+00
    0.1040000000E+01    0.2161398047E+00    0.2157901982E+00
    0.1050000000E+01    0.2162624432E+00    0.2159310462E+00
    0.1060000000E+01    0.2164219439E+00    0.2161116866E+00
    0.1070000000E+01    0.2166388718E+00    0.2163538039E+00
    0.1080000000E+01    0.2168807342E+00    0.2166226358E+00
    0.1090000000E+01    0.2172000160E+00    0.2169736303E+00
    0.1100000000E+01    0.2175383903E+00    0.2173450408E+00
    0.1110000000E+01    0.2179079828E+00    0.2177496346E+00
    0.1120000000E+01    0.2183334157E+00    0.2182132681E+00
    0.1130000000E+01    0.2187689038E+00    0.2186877845E+00
    0.1140000000E+01    0.2192146057E+00    0.2191733544E+00
    0.1150000000E+01    0.2196752624E+00    0.2196749612E+00
    0.1160000000E+01    0.2201051179E+00    0.2201445190E+00
    0.1170000000E+01    0.2205608909E+00    0.2206416559E+00
    0.1180000000E+01    0.2210110159E+00    0.2211331842E+00
    0.1190000000E+01    0.2214415984E+00    0.2216044721E+00
    0.1200000000E+01    0.2219073003E+00    0.2221130490E+00
    0.1210000000E+01    0.2223585492E+00    0.2226067508E+00
    0.1220000000E+01    0.2228043909E+00    0.2230950892E+00
    0.1230000000E+01    0.2231998898E+00    0.2235306473E+00
    0.1240000000E+01    0.2236106507E+00    0.2239826367E+00
    0.1250000000E+01    0.2240238582E+00    0.2244375278E+00
    0.1260000000E+01    0.2243943131E+00    0.2248475212E+00
    0.1270000000E+01    0.2247586187E+00    0.2252513017E+00
    0.1280000000E+01    0.2251110133E+00    0.2256427512E+00
    0.1290000000E+01    0.2254604994E+00    0.2260314095E+00
    0.1300000000E+01    0.2257902388E+00    0.2263993801E+00
    0.1310000000E+01    0.2260930155E+00    0.2267389274E+00
    0.1320000000E+01    0.2263888587E+00    0.2270713539E+00
    0.1330000000E+01    0.2266583941E+00    0.2273759375E+00
    0.1340000000E+01    0.2269097860E+00    0.2276613410E+00
    0.1350000000E+01    0.2271445809E+00    0.2279291707E+00
    0.1360000000E+01    0.2273429115E+00    0.2281579283E+00
    0.1370000000E+01    0.2275537631E+00    0.2284004396E+00
    0.1380000000E+01    0.2277395477E+00    0.2286160559E+00
    0.1390000000E+01    0.2279157234E+00    0.2288214555E+00
    0.1400000000E+01    0.2280636793E+00    0.2289962884E+00
    0.1410000000E+01    0.2282041277E+00    0.2291630893E+00
    0.1420000000E+01    0.2283311474E+00    0.2293153126E+00
    0.1430000000E+01    0.2284477217E+00    0.2294561803E+00
    0.1440000000E+01    0.2285520313E+00    0.2295836109E+00
    0.1450000000E+01    0.2286590283E+00    0.2297141978E+00
    0.1460000000E+01    0.2287438513E+00    0.2298201499E+00
    0.1470000000E+01    0.2288323166E+00    0.2299303494E+00
    0.1480000000E+01    0.2289145902E+00    0.2300337294E+00
    0.1490000000E+01    0.2289816954E+00    0.2301200408E+00
    0.1500000000E+01    0.2290418470E+00    0.2301985188E+00
    0.1510000000E+01    0.2290939695E+00    0.2302678472E+00
    0.1520000000E+01    0.2291544498E+00    0.2303469626E+00
    0.1530000000E+01    0.2292072000E+00    0.2304172642E+00
    0.1540000000E+01    0.2292533727E+00    0.2304800052E+00
    0.1550000000E+01    0.2292928041E+00    0.2305349011E+00
    0.1560000000E+01    0.2293220234E+00    0.2305776292E+00
    0.1570000000E+01    0.2293546804E+00    0.2306246221E+00
    0.1580000000E+01    0.2293791530E+00    0.2306617058E+00
    0.1590000000E+01    0.2294036105E+00    0.2306988592E+00
    0.1600000000E+01    0.2294208884E+00    0.2307270400E+00
    0.1610000000E+01    0.2294369374E+00    0.2307537094E+00
    0.1620000000E+01    0.2294484037E+00    0.2307743883E+00
    0.1630000000E+01    0.2294602238E+00    0.2307956108E+00
    0.1640000000E+01    0.2294687816E+00    0.2308124038E+00
    0.1650000000E+01    0.2294779098E+00    0.2308300580E+00
    0.1660000000E+01    0.2294836902E+00    0.2308429296E+00
    0.1670000000E+01    0.2294903762E+00    0.2308571998E+00
    0.1680000000E+01    0.2294957270E+00    0.2308695228E+00
    0.1690000000E+01    0.2294994673E+00    0.2308793566E+00
    0.1700000000E+01    0.2295045857E+00    0.2308914228E+00
    0.1710000000E+01    0.2295056248E+00    0.2308963934E+00
    0.1720000000E+01    0.2295061034E+00    0.2309000297E+00
    0.1730000000E+01    0.2295068571E+00    0.2309044041E+00
    0.1740000000E+01    0.2295078732E+00    0.2309094195E+00
    0.1750000000E+01    0.2295079755E+00    0.2309118336E+00
    0.1760000000E+01    0.2295080350E+00    0.2309140377E+00
    0.1770000000E+01    0.2295081600E+00    0.2309166044E+00
    0.1780000000E+01    0.2295083009E+00    0.2309173707E+00
    0.1790000000E+01    0.2295083345E+00    0.2309194582E+00
    0.1800000000E+01    0.2295083885E+00    0.2309205260E+00
    0.1810000000E+01    0.2295084409E+00    0.2309216162E+00
    0.1820000000E+01    0.2295089865E+00    0.2309219057E+00
    0.1830000000E+01    0.2295089885E+00    0.2309234517E+00
    0.1840000000E+01    0.2295096791E+00    0.2309236626E+00
    0.1850000000E+01    0.2295101024E+00    0.2309240824E+00
    0.1860000000E+01    0.2295108966E+00    0.2309242529E+00
    0.1870000000E+01    0.2295132682E+00    0.2309243073E+00
    0.1880000000E+01    0.2295145040E+00    0.2309243493E+00
    0.1890000000E+01    0.2295154196E+00    0.2309244846E+00
    0.1900000000E+01    0.2295175508E+00    0.2309245019E+00
    0.1910000000E+01    0.2295179537E+00    0.2309250008E+00
    0.1920000000E+01    0.2295205752E+00    0.2309250778E+00
    0.1930000000E+01    0.2295212413E+00    0.2309253671E+00
    0.1940000000E+01    0.2295226843E+00    0.2309253919E+00
    0.1950000000E+01    0.2295244334E+00    0.2309253936E+00
    0.1960000000E+01    0.2295253077E+00    0.2309255868E+00
    0.1970000000E+01    0.2295269750E+00    0.2309255945E+00
    0.1980000000E+01    0.2295300422E+00    0.2309257301E+00
    0.1990000000E+01    0.2295319719E+00    0.2309257301E+00
    0.2000000000E+01    0.2295358440E+00    0.2309260573E+00
    0.2010000000E+01    0.2295382230E+00    0.2309260759E+00
    0.2020000000E+01    0.2295389983E+00    0.2309263640E+00
    0.2030000000E+01    0.2295417928E+00    0.2309264279E+00
    0.2040000000E+01    0.2295431317E+00    0.2309265021E+00
    0.2050000000E+01    0.2295437821E+00    0.2309269020E+00
    0.2060000000E+01    0.2295462067E+00    0.2309269155E+00
    0.2070000000E+01    0.2295481520E+00    0.2309269184E+00
    0.2080000000E+01    0.2295500622E+00    0.2309269239E+00
    0.2090000000E+01    0.2295515386E+00    0.2309269861E+00
    0.2100000000E+01    0.2295532432E+00    0.2309270134E+00
    0.2110000000E+01    0.2295553749E+00    0.2309270137E+00
    0.2120000000E+01    0.2295571572E+00    0.2309270362E+00
    0.2130000000E+01    0.2295601554E+00    0.2309270949E+00
    0.2140000000E+01    0.2295653590E+00    0.2309277167E+00
    0.2150000000E+01    0.2295673641E+00    0.2309277247E+00
    0.2160000000E+01    0.2295700505E+00    0.2309277410E+00
    0.2170000000E+01    0.2295730784E+00    0.2309277906E+00
    0.2180000000E+01    0.2295749510E+00    0.2309278158E+00
    0.2190000000E+01    0.2295776677E+00    0.2309278292E+00
    0.2200000000E+01    0.2295802340E+00    0.2309278331E+00
    0.2210000000E+01    0.2295833800E+00    0.2309278853E+00
    0.2220000000E+01    0.2295887623E+00    0.2309284801E+00
    0.2230000000E+01    0.2295954722E+00    0.2309295542E+00
    0.2240000000E+01    0.2295985171E+00    0.2309295860E+00
    0.2250000000E+01    0.2295997140E+00    0.2309298202E+00
    0.2260000000E+01    0.2296008776E+00    0.2309300768E+00
    0.2270000000E+01    0.2296030140E+00    0.2309300932E+00
    0.2280000000E+01    0.2296042142E+00    0.2309303470E+00
    0.2290000000E+01    0.2296061525E+00    0.2309303921E+00
    0.2300000000E+01    0.2296094160E+00    0.2309304312E+00
    0.2310000000E+01    0.2296106063E+00    0.2309307116E+00
    0.2320000000E+01    0.2296122691E+00    0.2309308251E+00
    0.2330000000E+01    0.2296142948E+00    0.2309308688E+00
    0.2340000000E+01    0.2296181431E+00    0.2309309750E+00
    0.2350000000E+01    0.2296209833E+00    0.2309309766E+00
    0.2360000000E+01    0.2296234312E+00    0.2309309844E+00
    0.2370000000E+01    0.2296262178E+00    0.2309309845E+00
    0.2380000000E+01    0.2296285866E+00    0.2309310008E+00
    0.2390000000E+01    0.2296323079E+00    0.2309310672E+00
    0.2400000000E+01    0.2296358932E+00    0.2309311133E+00
    0.2410000000E+01    0.2296383748E+00    0.2309311260E+00
    0.2420000000E+01    0.2296437601E+00    0.2309315237E+00
    0.2430000000E+01    0.2296464970E+00    0.2309315259E+00
    0.2440000000E+01    0.2296493034E+00    0.2309315270E+00
    0.2450000000E+01    0.2296515263E+00    0.2309315780E+00
    0.2460000000E+01    0.2296536694E+00    0.2309316456E+00
    0.2470000000E+01    0.2296550988E+00    0.2309319343E+00
    0.2480000000E+01    0.2296610014E+00    0.2309324213E+00
    0.2490000000E+01    0.2296634833E+00    0.2309324499E+00
    0.2500000000E+01    0.2296659091E+00    0.2309324876E+00
    0.2510000000E+01    0.2296685103E+00    0.2309325087E+00
    0.2520000000E+01    0.2296699889E+00    0.2309328135E+00
    0.2530000000E+01    0.2296741241E+00    0.2309328831E+00
    0.2540000000E+01    0.2296778275E+00    0.2309329047E+00
    0.2550000000E+01    0.2296812269E+00    0.2309329082E+00
    0.2560000000E+01    0.2296837290E+00    0.2309329532E+00
    0.2570000000E+01    0.2296881871E+00    0.2309330518E+00
    0.2580000000E+01    0.2296902551E+00    0.2309331893E+00
    0.2590000000E+01    0.2296946220E+00    0.2309332666E+00
    0.2600000000E+01    0.2296989334E+00    0.2309333330E+00
    0.2610000000E+01    0.2297017143E+00    0.2309333589E+00
    0.2620000000E+01    0.2297038377E+00    0.2309335033E+00
    0.2630000000E+01    0.2297090261E+00    0.2309336961E+00
    0.2640000000E+01    0.2297128419E+00    0.2309337073E+00
    0.2650000000E+01    0.2297176262E+00    0.2309338188E+00
    0.2660000000E+01    0.2297217952E+00    0.2309338514E+00
    0.2670000000E+01    0.2297268560E+00    0.2309339978E+00
    0.2680000000E+01    0.2297293933E+00    0.2309340793E+00
    0.2690000000E+01    0.2297314942E+00    0.2309342703E+00
    0.2700000000E+01    0.2297395034E+00    0.2309351648E+00
    0.2710000000E+01    0.2297445191E+00    0.2309352833E+00
    0.2720000000E+01    0.2297478380E+00    0.2309352903E+00
    0.2730000000E+01    0.2297512426E+00    0.2309352948E+00
    0.2740000000E+01    0.2297545012E+00    0.2309353078E+00
    0.2750000000E+01    0.2297566450E+00    0.2309355236E+00
    0.2760000000E+01    0.2297598489E+00    0.2309355443E+00
    0.2770000000E+01    0.2297642748E+00    0.2309355716E+00
    0.2780000000E+01    0.2297658506E+00    0.2309360561E+00
    0.2790000000E+01    0.2297714033E+00    0.2309362204E+00
    0.2800000000E+01    0.2297735843E+00    0.2309364578E+00
    0.2810000000E+01    0.2297761251E+00    0.2309365994E+00
    0.2820000000E+01    0.2297804616E+00    0.2309366111E+00
    0.2830000000E+01    0.2297845250E+00    0.2309366123E+00
    0.2840000000E+01    0.2297895117E+00    0.2309366728E+00
    0.2850000000E+01    0.2297962194E+00    0.2309370305E+00
    0.2860000000E+01    0.2297982659E+00    0.2309373624E+00
    0.2870000000E+01    0.2298006759E+00    0.2309375745E+00
    0.2880000000E+01    0.2298042054E+00    0.2309375939E+00
    0.2890000000E+01    0.2298073655E+00    0.2309376554E+00
    0.2900000000E+01    0.2298113801E+00    0.2309376562E+00
    0.2910000000E+01    0.2298153308E+00    0.2309376587E+00
    0.2920000000E+01    0.2298192392E+00    0.2309376634E+00
    0.2930000000E+01    0.2298241436E+00    0.2309376902E+00
    0.2940000000E+01    0.2298282198E+00    0.2309376918E+00
    0.2950000000E+01    0.2298340079E+00    0.2309378088E+00
    0.2960000000E+01    0.2298362966E+00    0.2309381270E+00
    0.2970000000E+01    0.2298394885E+00    0.2309382143E+00
    0.2980000000E+01    0.2298427647E+00    0.2309382922E+00
    0.2990000000E+01    0.2298481147E+00    0.2309383407E+00
    0.3000000000E+01    0.2298526692E+00    0.2309383418E+00
    0.3010000000E+01    0.2298574458E+00    0.2309383479E+00
    0.3020000000E+01    0.2298631436E+00    0.2309384227E+00
    0.3030000000E+01    0.2298673986E+00    0.2309384263E+00
    0.3040000000E+01    0.2298720376E+00    0.2309384269E+00
    0.3050000000E+01    0.2298742356E+00    0.2309388600E+00
    0.3060000000E+01    0.2298794983E+00    0.2309388830E+00
    0.3070000000E+01    0.2298814911E+00    0.2309394361E+00
    0.3080000000E+01    0.2298866753E+00    0.2309394506E+00
    0.3090000000E+01    0.2298926157E+00    0.2309395260E+00
    0.3100000000E+01    0.2298989911E+00    0.2309396527E+00
    0.3110000000E+01    0.2299032346E+00    0.2309396669E+00
    0.3120000000E+01    0.2299088277E+00    0.2309396996E+00
    0.3130000000E+01    0.2299134074E+00    0.2309397024E+00
    0.3140000000E+01    0.2299175662E+00    0.2309397284E+00
    0.3150000000E+01    0.2299235102E+00    0.2309397827E+00
    0.3160000000E+01    0.2299285572E+00    0.2309397838E+00
    0.3170000000E+01    0.2299341808E+00    0.2309398069E+00
    0.3180000000E+01    0.2299386490E+00    0.2309398200E+00
    0.3190000000E+01    0.2299421040E+00    0.2309399631E+00
    0.3200000000E+01    0.2299467068E+00    0.2309399725E+00
    0.3210000000E+01    0.2299520373E+00    0.2309399762E+00
    0.3220000000E+01    0.2299575766E+00    0.2309399859E+00
    0.3230000000E+01    0.2299613234E+00    0.2309400942E+00
    0.3240000000E+01    0.2299650381E+00    0.2309402130E+00
    0.3250000000E+01    0.2299688137E+00    0.2309403259E+00
    0.3260000000E+01    0.2299753520E+00    0.2309404015E+00
    0.3270000000E+01    0.2299797816E+00    0.2309404366E+00
    0.3280000000E+01    0.2299848979E+00    0.2309404380E+00
    0.3290000000E+01    0.2299895668E+00    0.2309404590E+00
    0.3300000000E+01    0.2299950589E+00    0.2309404600E+00
    0.3310000000E+01    0.2300005152E+00    0.2309404603E+00
    0.3320000000E+01    0.2300036745E+00    0.2309407652E+00
    0.3330000000E+01    0.2300107764E+00    0.2309408769E+00
    0.3340000000E+01    0.2300140916E+00    0.2309411501E+00
    0.3350000000E+01    0.2300200146E+00    0.2309411577E+00
    0.3360000000E+01    0.2300219574E+00    0.2309420923E+00
    0.3370000000E+01    0.2300276920E+00    0.2309420935E+00
    0.3380000000E+01    0.2300339300E+00    0.2309421104E+00
    0.3390000000E+01    0.2300370524E+00    0.2309424854E+00
    0.3400000000E+01    0.2300425398E+00    0.2309424870E+00
    0.3410000000E+01    0.2300492419E+00    0.2309425273E+00
    0.3420000000E+01    0.2300563950E+00    0.2309426058E+00
    0.3430000000E+01    0.2300617553E+00    0.2309426136E+00
    0.3440000000E+01    0.2300675097E+00    0.2309426138E+00
    0.3450000000E+01    0.2300716600E+00    0.2309427602E+00
    0.3460000000E+01    0.2300768577E+00    0.2309427814E+00
    0.3470000000E+01    0.2300842673E+00    0.2309428670E+00
    0.3480000000E+01    0.2300882415E+00    0.2309430677E+00
    0.3490000000E+01    0.2300929154E+00    0.2309431492E+00
    0.3500000000E+01    0.2300981553E+00    0.2309431763E+00
    0.3510000000E+01    0.2301057964E+00    0.2309432704E+00
    0.3520000000E+01    0.2301117952E+00    0.2309432707E+00
    0.3530000000E+01    0.2301232408E+00    0.2309441093E+00
    0.3540000000E+01    0.2301281739E+00    0.2309441775E+00
    0.3550000000E+01    0.2301339126E+00    0.2309441861E+00
    0.3560000000E+01    0.2301435952E+00    0.2309445721E+00
    0.3570000000E+01    0.2301494126E+00    0.2309445802E+00
    0.3580000000E+01    0.2301559776E+00    0.2309445832E+00
    0.3590000000E+01    0.2301631210E+00    0.2309446082E+00
    0.3600000000E+01    0.2301674176E+00    0.2309448132E+00
    0.3610000000E+01    0.2301724192E+00    0.2309449003E+00
    0.3620000000E+01    0.2301804085E+00    0.2309449855E+00
    0.3630000000E+01    0.2301845803E+00    0.2309452401E+00
    0.3640000000E+01    0.2301917085E+00    0.2309452545E+00
    0.3650000000E+01    0.2301973750E+00    0.2309452864E+00
    0.3660000000E+01    0.2302027034E+00    0.2309453530E+00
    0.3670000000E+01    0.2302110644E+00    0.2309454566E+00
    0.3680000000E+01    0.2302144221E+00    0.2309460214E+00
    0.3690000000E+01    0.2302213617E+00    0.2309460238E+00
    0.3700000000E+01    0.2302279725E+00    0.2309460242E+00
    0.3710000000E+01    0.2302331660E+00    0.2309461287E+00
    0.3720000000E+01    0.2302401861E+00    0.2309461306E+00
    0.3730000000E+01    0.2302482530E+00    0.2309461824E+00
    0.3740000000E+01    0.2302550114E+00    0.2309461829E+00
    0.3750000000E+01    0.2302637354E+00    0.2309462903E+00
    0.3760000000E+01    0.2302750215E+00    0.2309468224E+00
    0.3770000000E+01    0.2302808332E+00    0.2309468766E+00
    0.3780000000E+01    0.2302863814E+00    0.2309469639E+00
    0.3790000000E+01    0.2302954448E+00    0.2309470913E+00
    0.3800000000E+01    0.2302999943E+00    0.2309473761E+00
    0.3810000000E+01    0.2303090676E+00    0.2309474947E+00
    0.3820000000E+01    0.2303163810E+00    0.2309474955E+00
    0.3830000000E+01    0.2303238250E+00    0.2309474975E+00
    0.3840000000E+01    0.2303304303E+00    0.2309475123E+00
    0.3850000000E+01    0.2303445935E+00    0.2309486628E+00
    0.3860000000E+01    0.2303524743E+00    0.2309486735E+00
    0.3870000000E+01    0.2303613550E+00    0.2309487464E+00
    0.3880000000E+01    0.2303682018E+00    0.2309487569E+00
    0.3890000000E+01    0.2303761281E+00    0.2309487651E+00
    0.3900000000E+01    0.2303862215E+00    0.2309489650E+00
    0.3910000000E+01    0.2303924667E+00    0.2309490238E+00
    0.3920000000E+01    0.2304006565E+00    0.2309490372E+00
    0.3930000000E+01    0.2304068670E+00    0.2309491067E+00
    0.3940000000E+01    0.2304139856E+00    0.2309491154E+00
    0.3950000000E+01    0.2304215715E+00    0.2309491156E+00
    0.3960000000E+01    0.2304294589E+00    0.2309491167E+00
    0.3970000000E+01    0.2304354686E+00    0.2309492275E+00
    0.3980000000E+01    0.2304454634E+00    0.2309493681E+00
    0.3990000000E+01    0.2304545781E+00    0.2309494185E+00
    0.4000000000E+01    0.2304648743E+00    0.2309495854E+00
    0.4010000000E+01    0.2304727880E+00    0.2309495854E+00
    0.4020000000E+01    0.2304814273E+00    0.2309496006E+00
    0.4030000000E+01    0.2304869289E+00    0.2309498326E+00
    0.4040000000E+01    0.2304957035E+00    0.2309498500E+00
    0.4050000000E+01    0.2305052564E+00    0.2309499148E+00
    0.4060000000E+01    0.2305164471E+00    0.2309501685E+00
    0.4070000000E+01    0.2305238661E+00    0.2309501851E+00
    0.4080000000E+01    0.2305318052E+00    0.2309501869E+00
    0.4090000000E+01    0.2305390043E+00    0.2309502208E+00
    0.4100000000E+01    0.2305449223E+00    0.2309504173E+00
    0.4110000000E+01    0.2305532728E+00    0.2309504174E+00
    0.4120000000E+01    0.2305638517E+00    0.2309505528E+00
    0.4130000000E+01    0.2305724564E+00    0.2309505543E+00
    0.4140000000E+01    0.2305815056E+00    0.2309505660E+00
    0.4150000000E+01    0.2305887319E+00    0.2309506150E+00
    0.4160000000E+01    0.2305984632E+00    0.2309506573E+00
    0.4170000000E+01    0.2306080971E+00    0.2309506908E+00
    0.4180000000E+01    0.2306193246E+00    0.2309508711E+00
    0.4190000000E+01    0.2306282388E+00    0.2309508736E+00
    0.4200000000E+01    0.2306341896E+00    0.2309511307E+00
    0.4210000000E+01    0.2306434229E+00    0.2309511386E+00
    0.4220000000E+01    0.2306523298E+00    0.2309511394E+00
    0.4230000000E+01    0.2306599062E+00    0.2309511848E+00
    0.4240000000E+01    0.2306647745E+00    0.2309517777E+00
    0.4250000000E+01    0.2306747894E+00    0.2309518129E+00
    0.4260000000E+01    0.2306848458E+00    0.2309518479E+00
    0.4270000000E+01    0.2306934615E+00    0.2309518512E+00
    0.4280000000E+01    0.2307030582E+00    0.2309518610E+00
    0.4290000000E+01    0.2307126983E+00    0.2309518708E+00
    0.4300000000E+01    0.2307182524E+00    0.2309523080E+00
    0.4310000000E+01    0.2307285551E+00    0.2309523443E+00
    0.4320000000E+01    0.2307358159E+00    0.2309524566E+00
    0.4330000000E+01    0.2307460929E+00    0.2309524864E+00
    0.4340000000E+01    0.2307532997E+00    0.2309526156E+00
    0.4350000000E+01    0.2307648473E+00    0.2309527394E+00
    0.4360000000E+01    0.2307745943E+00    0.2309527439E+00
    0.4370000000E+01    0.2307836143E+00    0.2309527475E+00
    0.4380000000E+01    0.2307940567E+00    0.2309527741E+00
    0.4390000000E+01    0.2308020058E+00    0.2309528411E+00
    0.4400000000E+01    0.2308114082E+00    0.2309528414E+00
    0.4410000000E+01    0.2308226490E+00    0.2309529110E+00
    0.4420000000E+01    0.2308303644E+00    0.2309530148E+00
    0.4430000000E+01    0.2308385201E+00    0.2309530776E+00
    0.4440000000E+01    0.2308460089E+00    0.2309532204E+00
    0.4450000000E+01    0.2308544300E+00    0.2309532681E+00
    0.4460000000E+01    0.2308620280E+00    0.2309534066E+00
    0.4470000000E+01    0.2308716223E+00    0.2309534079E+00
    0.4480000000E+01    0.2308794924E+00    0.2309535215E+00
    0.4490000000E+01    0.2308910271E+00    0.2309535844E+00
    0.4500000000E+01    0.2309025722E+00    0.2309536446E+00
    0.4510000000E+01    0.2309105187E+00    0.2309537633E+00
    0.4520000000E+01    0.2309177651E+00    0.2309539933E+00
    0.4530000000E+01    0.2309284096E+00    0.2309540010E+00
    0.4540000000E+01    0.2309383283E+00    0.2309540021E+00
    0.4550000000E+01    0.2309485037E+00    0.2309540021E+00
    0.4560000000E+01    0.2309594132E+00    0.2309540136E+00
    0.4570000000E+01    0.2309668043E+00    0.2309542519E+00
    0.4580000000E+01    0.2309840709E+00    0.2309551569E+00
    0.4590000000E+01    0.2309923704E+00    0.2309552717E+00
    0.4600000000E+01    0.2310035509E+00    0.2309552861E+00
    0.4610000000E+01    0.2310158486E+00    0.2309553630E+00
    0.4620000000E+01    0.2310260390E+00    0.2309553652E+00
    0.4630000000E+01    0.2310347795E+00    0.2309554498E+00
    0.4640000000E+01    0.2310411504E+00    0.2309559877E+00
    0.4650000000E+01    0.2310532233E+00    0.2309560346E+00
    0.4660000000E+01    0.2310600189E+00    0.2309564760E+00
    0.4670000000E+01    0.2310698260E+00    0.2309564965E+00
    0.4680000000E+01    0.2310828399E+00    0.2309566046E+00
    0.4690000000E+01    0.2310918381E+00    0.2309566888E+00
    0.4700000000E+01    0.2311043116E+00    0.2309567457E+00
    0.4710000000E+01    0.2311132417E+00    0.2309568453E+00
    0.4720000000E+01    0.2311262412E+00    0.2309569345E+00
    0.4730000000E+01    0.2311365321E+00    0.2309569463E+00
    0.4740000000E+01    0.2311474350E+00    0.2309569468E+00
    0.4750000000E+01    0.2311595724E+00    0.2309569708E+00
    0.4760000000E+01    0.2311733030E+00    0.2309571085E+00
    0.4770000000E+01    0.2311863871E+00    0.2309571843E+00
    0.4780000000E+01    0.2311952336E+00    0.2309573280E+00
    0.4790000000E+01    0.2312054865E+00    0.2309573526E+00
    0.4800000000E+01    0.2312143535E+00    0.2309575046E+00
    0.4810000000E+01    0.2312238376E+00    0.2309575914E+00
    0.4820000000E+01    0.2312354301E+00    0.2309575920E+00
    0.4830000000E+01    0.2312477459E+00    0.2309576074E+00
    0.4840000000E+01    0.2312597164E+00    0.2309576119E+00
    0.4850000000E+01    0.2312709633E+00    0.2309576141E+00
    0.4860000000E+01    0.2312857872E+00    0.2309578131E+00
    0.4870000000E+01    0.2312997417E+00    0.2309579179E+00
    0.4880000000E+01    0.2313095887E+00    0.2309579991E+00
    0.4890000000E+01    0.2313217405E+00    0.2309580025E+00
    0.4900000000E+01    0.2313341566E+00    0.2309580105E+00
    0.4910000000E+01    0.2313453740E+00    0.2309580192E+00
    0.4920000000E+01    0.2313608805E+00    0.2309582614E+00
    0.4930000000E+01    0.2313729131E+00    0.2309582616E+00
    0.4940000000E+01    0.2313860671E+00    0.2309582888E+00
    0.4950000000E+01    0.2313971788E+00    0.2309583077E+00
    0.4960000000E+01    0.2314110591E+00    0.2309583703E+00
    0.4970000000E+01    0.2314227840E+00    0.2309583740E+00
    0.4980000000E+01    0.2314316397E+00    0.2309586431E+00
    0.4990000000E+01    0.2314431173E+00    0.2309586554E+00
    0.5000000000E+01    0.2314562920E+00    0.2309586711E+00
    0.5010000000E+01    0.2314726808E+00    0.2309589626E+00
    0.5020000000E+01    0.2314870234E+00    0.2309590355E+00
    0.5030000000E+01    0.2315051723E+00    0.2309595821E+00
    0.5040000000E+01    0.2315194127E+00    0.2309596409E+00
    0.5050000000E+01    0.2315315935E+00    0.2309596434E+00
    0.5060000000E+01    0.2315430010E+00    0.2309596725E+00
    0.5070000000E+01    0.2315552560E+00    0.2309596753E+00
    0.5080000000E+01    0.2315682839E+00    0.2309596777E+00
    0.5090000000E+01    0.2315821626E+00    0.2309597029E+00
    0.5100000000E+01    0.2315953440E+00    0.2309597061E+00
    0.5110000000E+01    0.2316098857E+00    0.2309597605E+00
    0.5120000000E+01    0.2316214949E+00    0.2309597939E+00
    0.5130000000E+01    0.2316361365E+00    0.2309598478E+00
    0.5140000000E+01    0.2316480838E+00    0.2309598695E+00
    0.5150000000E+01    0.2316610576E+00    0.2309598696E+00
    0.5160000000E+01    0.2316695317E+00    0.2309603746E+00
    0.5170000000E+01    0.2316881104E+00    0.2309608522E+00
    0.5180000000E+01    0.2316991497E+00    0.2309609486E+00
    0.5190000000E+01    0.2317155578E+00    0.2309611214E+00
    0.5200000000E+01    0.2317285709E+00    0.2309611228E+00
    0.5210000000E+01    0.2317431886E+00    0.2309611526E+00
    0.5220000000E+01    0.2317536246E+00    0.2309613386E+00
    0.5230000000E+01    0.2317672909E+00    0.2309613396E+00
    0.5240000000E+01    0.2317840752E+00    0.2309615219E+00
    0.5250000000E+01    0.2317987888E+00    0.2309615466E+00
    0.5260000000E+01    0.2318113584E+00    0.2309615668E+00
    0.5270000000E+01    0.2318253769E+00    0.2309615694E+00
    0.5280000000E+01    0.2318393588E+00    0.2309615709E+00
    0.5290000000E+01    0.2318497373E+00    0.2309618107E+00
    0.5300000000E+01    0.2318658228E+00    0.2309618993E+00
    0.5310000000E+01    0.2318877914E+00    0.2309628440E+00
    0.5320000000E+01    0.2319036028E+00    0.2309629063E+00
    0.5330000000E+01    0.2319218996E+00    0.2309632042E+00
    0.5340000000E+01    0.2319379027E+00    0.2309632717E+00
    0.5350000000E+01    0.2319569375E+00    0.2309636537E+00
    0.5360000000E+01    0.2319738685E+00    0.2309637842E+00
    0.5370000000E+01    0.2319881028E+00    0.2309637843E+00
    0.5380000000E+01    0.2319992977E+00    0.2309639666E+00
    0.5390000000E+01    0.2320111709E+00    0.2309640779E+00
    0.5400000000E+01    0.2320192355E+00    0.2309649823E+00
    0.5410000000E+01    0.2320289177E+00    0.2309654512E+00
    0.5420000000E+01    0.2320408752E+00    0.2309655690E+00
    0.5430000000E+01    0.2320581864E+00    0.2309656966E+00
    0.5440000000E+01    0.2320737664E+00    0.2309657149E+00
    0.5450000000E+01    0.2320877524E+00    0.2309657214E+00
    0.5460000000E+01    0.2321062609E+00    0.2309659505E+00
    0.5470000000E+01    0.2321190516E+00    0.2309660176E+00
    0.5480000000E+01    0.2321304502E+00    0.2309662365E+00
    0.5490000000E+01    0.2321510589E+00    0.2309667218E+00
    0.5500000000E+01    0.2321617530E+00    0.2309670683E+00
    0.5510000000E+01    0.2321781422E+00    0.2309671035E+00
    0.5520000000E+01    0.2321903127E+00    0.2309672502E+00
    0.5530000000E+01    0.2322017763E+00    0.2309674940E+00
    0.5540000000E+01    0.2322136463E+00    0.2309676886E+00
    0.5550000000E+01    0.2322246077E+00    0.2309680294E+00
    0.5560000000E+01    0.2322404881E+00    0.2309680371E+00
    0.5570000000E+01    0.2322564256E+00    0.2309680449E+00
    0.5580000000E+01    0.2322780235E+00    0.2309685937E+00
    0.5590000000E+01    0.2322891321E+00    0.2309689414E+00
    0.5600000000E+01    0.2323027541E+00    0.2309689973E+00
    0.5610000000E+01    0.2323145140E+00    0.2309692544E+00
    0.5620000000E+01    0.2323323410E+00    0.2309693352E+00
    0.5630000000E+01    0.2323503733E+00    0.2309694262E+00
    0.5640000000E+01    0.2323661059E+00    0.2309694264E+00
    0.5650000000E+01    0.2323869025E+00    0.2309697909E+00
    0.5660000000E+01    0.2324065808E+00    0.2309700135E+00
    0.5670000000E+01    0.2324251762E+00    0.2309701293E+00
    0.5680000000E+01    0.2324365153E+00    0.2309705115E+00
    0.5690000000E+01    0.2324510033E+00    0.2309705452E+00
    0.5700000000E+01    0.2324675430E+00    0.2309705504E+00
    0.5710000000E+01    0.2324817222E+00    0.2309706073E+00
    0.5720000000E+01    0.2324974671E+00    0.2309706091E+00
    0.5730000000E+01    0.2325106339E+00    0.2309707619E+00
    0.5740000000E+01    0.2325267691E+00    0.2309707619E+00
    0.5750000000E+01    0.2325471363E+00    0.2309709977E+00
    0.5760000000E+01    0.2325659314E+00    0.2309710875E+00
    0.5770000000E+01    0.2325858383E+00    0.2309712640E+00
    0.5780000000E+01    0.2325982755E+00    0.2309715433E+00
    0.5790000000E+01    0.2326119743E+00    0.2309716729E+00
    0.5800000000E+01    0.2326270881E+00    0.2309717051E+00
    0.5810000000E+01    0.2326463150E+00    0.2309718038E+00
    0.5820000000E+01    0.2326585614E+00    0.2309721454E+00
    0.5830000000E+01    0.2326735910E+00    0.2309721903E+00
    0.5840000000E+01    0.2326864855E+00    0.2309724472E+00
    0.5850000000E+01    0.2327035527E+00    0.2309724481E+00
    0.5860000000E+01    0.2327245725E+00    0.2309726782E+00
    0.5870000000E+01    0.2327393574E+00    0.2309727522E+00
    0.5880000000E+01    0.2327573443E+00    0.2309727665E+00
    0.5890000000E+01    0.2327749580E+00    0.2309727712E+00
    0.5900000000E+01    0.2327887041E+00    0.2309729576E+00
    0.5910000000E+01    0.2328090475E+00    0.2309730941E+00
    0.5920000000E+01    0.2328282973E+00    0.2309731511E+00
    0.5930000000E+01    0.2328503497E+00    0.2309734455E+00
    0.5940000000E+01    0.2328675747E+00    0.2309734457E+00
    0.5950000000E+01    0.2328887996E+00    0.2309736385E+00
    0.5960000000E+01    0.2329047519E+00    0.2309736728E+00
    0.5970000000E+01    0.2329247352E+00    0.2309737553E+00
    0.5980000000E+01    0.2329387781E+00    0.2309739557E+00
    0.5990000000E+01    0.2329573884E+00    0.2309739691E+00
    0.6000000000E+01    0.2329788099E+00    0.2309741500E+00
    0.6010000000E+01    0.2329933945E+00    0.2309743073E+00
    0.6020000000E+01    0.2330096509E+00    0.2309743432E+00
    0.6030000000E+01    0.2330268734E+00    0.2309743493E+00
    0.6040000000E+01    0.2330442930E+00    0.2309743530E+00
    0.6050000000E+01    0.2330636861E+00    0.2309743798E+00
    0.6060000000E+01    0.2330839362E+00    0.2309744441E+00
    0.6070000000E+01    0.2331049924E+00    0.2309745571E+00
    0.6080000000E+01    0.2331212861E+00    0.2309746086E+00
    0.6090000000E+01    0.2331431495E+00    0.2309747765E+00
    0.6100000000E+01    0.2331585472E+00    0.2309749020E+00
    0.6110000000E+01    0.2331749583E+00    0.2309749566E+00
    0.6120000000E+01    0.2331927900E+00    0.2309749612E+00
    0.6130000000E+01    0.2332172057E+00    0.2309753820E+00
    0.6140000000E+01    0.2332365988E+00    0.2309753921E+00
    0.6150000000E+01    0.2332504585E+00    0.2309757428E+00
    0.6160000000E+01    0.2332694605E+00    0.2309757445E+00
    0.6170000000E+01    0.2332882487E+00    0.2309757446E+00
    0.6180000000E+01    0.2333067130E+00    0.2309757458E+00
    0.6190000000E+01    0.2333271924E+00    0.2309757810E+00
    0.6200000000E+01    0.2333418454E+00    0.2309760534E+00
    0.6210000000E+01    0.2333616637E+00    0.2309760632E+00
    0.6220000000E+01    0.2333785107E+00    0.2309761296E+00
    0.6230000000E+01    0.2334004853E+00    0.2309762336E+00
    0.6240000000E+01    0.2334185851E+00    0.2309762482E+00
    0.6250000000E+01    0.2334386314E+00    0.2309762575E+00
    0.6260000000E+01    0.2334591145E+00    0.2309762767E+00
    0.6270000000E+01    0.2334815437E+00    0.2309763944E+00
    0.6280000000E+01    0.2334997271E+00    0.2309764137E+00
    0.6290000000E+01    0.2335234853E+00    0.2309766331E+00
    0.6300000000E+01    0.2335397464E+00    0.2309767823E+00
    0.6310000000E+01    0.2335585287E+00    0.2309767904E+00
    0.6320000000E+01    0.2335742782E+00    0.2309770066E+00
    0.6330000000E+01    0.2335898203E+00    0.2309772554E+00
    0.6340000000E+01    0.2336132724E+00    0.2309774160E+00
    0.6350000000E+01    0.2336345134E+00    0.2309774411E+00
    0.6360000000E+01    0.2336539202E+00    0.2309774440E+00
    0.6370000000E+01    0.2336777974E+00    0.2309776237E+00
    0.6380000000E+01    0.2336982837E+00    0.2309776266E+00
    0.6390000000E+01    0.2337220022E+00    0.2309777816E+00
    0.6400000000E+01    0.2337419419E+00    0.2309777820E+00
    0.6410000000E+01    0.2337599417E+00    0.2309778457E+00
    0.6420000000E+01    0.2337788025E+00    0.2309778708E+00
    0.6430000000E+01    0.2337963574E+00    0.2309779731E+00
    0.6440000000E+01    0.2338163364E+00    0.2309779751E+00
    0.6450000000E+01    0.2338372879E+00    0.2309779783E+00
    0.6460000000E+01    0.2338568153E+00    0.2309779905E+00
    0.6470000000E+01    0.2338757391E+00    0.2309780254E+00
    0.6480000000E+01    0.2338941589E+00    0.2309780893E+00
    0.6490000000E+01    0.2339169874E+00    0.2309781420E+00
    0.6500000000E+01    0.2339363598E+00    0.2309781665E+00
    0.6510000000E+01    0.2339551636E+00    0.2309782191E+00
    0.6520000000E+01    0.2339731562E+00    0.2309783291E+00
    0.6530000000E+01    0.2339982163E+00    0.2309785147E+00
    0.6540000000E+01    0.2340197532E+00    0.2309785179E+00
    0.6550000000E+01    0.2340369269E+00    0.2309787214E+00
    0.6560000000E+01    0.2340542352E+00    0.2309789169E+00
    0.6570000000E+01    0.2340734695E+00    0.2309789664E+00
    0.6580000000E+01    0.2340967559E+00    0.2309790120E+00
    0.6590000000E+01    0.2341181506E+00    0.2309790120E+00
    0.6600000000E+01    0.2341388847E+00    0.2309790176E+00
    0.6610000000E+01    0.2341596672E+00    0.2309790234E+00
    0.6620000000E+01    0.2341845096E+00    0.2309791424E+00
    0.6630000000E+01    0.2342011709E+00    0.2309794683E+00
    0.6640000000E+01    0.2342287363E+00    0.2309798267E+00
    0.6650000000E+01    0.2342554882E+00    0.2309800903E+00
    0.6660000000E+01    0.2342768710E+00    0.2309800924E+00
    0.6670000000E+01    0.2343012734E+00    0.2309801629E+00
    0.6680000000E+01    0.2343322283E+00    0.2309809497E+00
    0.6690000000E+01    0.2343505984E+00    0.2309811149E+00
    0.6700000000E+01    0.2343751657E+00    0.2309811833E+00
    0.6710000000E+01    0.2343963455E+00    0.2309811938E+00
    0.6720000000E+01    0.2344158786E+00    0.2309812798E+00
    0.6730000000E+01    0.2344300856E+00    0.2309821931E+00
    0.6740000000E+01    0.2344461708E+00    0.2309827118E+00
    0.6750000000E+01    0.2344680767E+00    0.2309827146E+00
    0.6760000000E+01    0.2344866298E+00    0.2309829047E+00
    0.6770000000E+01    0.2345098522E+00    0.2309829099E+00
    0.6780000000E+01    0.2345323422E+00    0.2309829100E+00
    0.6790000000E+01    0.2345549073E+00    0.2309829101E+00
    0.6800000000E+01    0.2345826194E+00    0.2309831596E+00
    0.6810000000E+01    0.2346037394E+00    0.2309831923E+00
    0.6820000000E+01    0.2346350783E+00    0.2309838677E+00
    0.6830000000E+01    0.2346604360E+00    0.2309839296E+00
    0.6840000000E+01    0.2346841321E+00    0.2309839349E+00
    0.6850000000E+01    0.2347052359E+00    0.2309839791E+00
    0.6860000000E+01    0.2347286377E+00    0.2309839799E+00
    0.6870000000E+01    0.2347584148E+00    0.2309843957E+00
    0.6880000000E+01    0.2347861363E+00    0.2309845939E+00
    0.6890000000E+01    0.2348071999E+00    0.2309846526E+00
    0.6900000000E+01    0.2348347131E+00    0.2309848216E+00
    0.6910000000E+01    0.2348562018E+00    0.2309848656E+00
    0.6920000000E+01    0.2348781853E+00    0.2309848924E+00
    0.6930000000E+01    0.2349122794E+00    0.2309858688E+00
    0.6940000000E+01    0.2349387999E+00    0.2309859514E+00
    0.6950000000E+01    0.2349650783E+00    0.2309860174E+00
    0.6960000000E+01    0.2349874208E+00    0.2309860406E+00
    0.6970000000E+01    0.2350074699E+00    0.2309862092E+00
    0.6980000000E+01    0.2350367027E+00    0.2309864776E+00
    0.6990000000E+01    0.2350681322E+00    0.2309869849E+00
    0.7000000000E+01    0.2350889189E+00    0.2309871067E+00
    0.7010000000E+01    0.2351132737E+00    0.2309871072E+00
    0.7020000000E+01    0.2351326466E+00    0.2309873799E+00
    0.7030000000E+01    0.2351632306E+00    0.2309877489E+00
    0.7040000000E+01    0.2351920179E+00    0.2309879379E+00
    0.7050000000E+01    0.2352170399E+00    0.2309879418E+00
    0.7060000000E+01    0.2352387053E+00    0.2309880288E+00
    0.7070000000E+01    0.2352613617E+00    0.2309880674E+00
    0.7080000000E+01    0.2352826741E+00    0.2309881884E+00
    0.7090000000E+01    0.2353070012E+00    0.2309881898E+00
    0.7100000000E+01    0.2353280862E+00    0.2309883397E+00
    0.7110000000E+01    0.2353548294E+00    0.2309883755E+00
    0.7120000000E+01    0.2353793697E+00    0.2309883769E+00
    0.7130000000E+01    0.2354063471E+00    0.2309884161E+00
    0.7140000000E+01    0.2354284640E+00    0.2309885083E+00
    0.7150000000E+01    0.2354569829E+00    0.2309886180E+00
    0.7160000000E+01    0.2354835856E+00    0.2309886378E+00
    0.7170000000E+01    0.2355082388E+00    0.2309886414E+00
    0.7180000000E+01    0.2355308667E+00    0.2309887184E+00
    0.7190000000E+01    0.2355525542E+00    0.2309888668E+00
    0.7200000000E+01    0.2355786400E+00    0.2309888705E+00
    0.7210000000E+01    0.2356090083E+00    0.2309890826E+00
    0.7220000000E+01    0.2356391215E+00    0.2309892678E+00
    0.7230000000E+01    0.2356676832E+00    0.2309893459E+00
    0.7240000000E+01    0.2356908452E+00    0.2309894151E+00
    0.7250000000E+01    0.2357144590E+00    0.2309894649E+00
    0.7260000000E+01    0.2357469353E+00    0.2309898433E+00
    0.7270000000E+01    0.2357690600E+00    0.2309899985E+00
    0.7280000000E+01    0.2357961637E+00    0.2309900095E+00
    0.7290000000E+01    0.2358248232E+00    0.2309900702E+00
    0.7300000000E+01    0.2358496825E+00    0.2309900873E+00
    0.7310000000E+01    0.2358807704E+00    0.2309902954E+00
    0.7320000000E+01    0.2359029679E+00    0.2309904728E+00
    0.7330000000E+01    0.2359263877E+00    0.2309905626E+00
    0.7340000000E+01    0.2359538126E+00    0.2309905714E+00
    0.7350000000E+01    0.2359841622E+00    0.2309907014E+00
    0.7360000000E+01    0.2360157781E+00    0.2309909210E+00
    0.7370000000E+01    0.2360422267E+00    0.2309909214E+00
    0.7380000000E+01    0.2360714497E+00    0.2309909772E+00
    0.7390000000E+01    0.2360916148E+00    0.2309914572E+00
    0.7400000000E+01    0.2361183832E+00    0.2309914574E+00
    0.7410000000E+01    0.2361413745E+00    0.2309916181E+00
    0.7420000000E+01    0.2361739968E+00    0.2309918836E+00
    0.7430000000E+01    0.2362024392E+00    0.2309918998E+00
    0.7440000000E+01    0.2362316071E+00    0.2309919353E+00
    0.7450000000E+01    0.2362569919E+00    0.2309919690E+00
    0.7460000000E+01    0.2362880390E+00    0.2309920894E+00
    0.7470000000E+01    0.2363176151E+00    0.2309921316E+00
    0.7480000000E+01    0.2363549271E+00    0.2309928950E+00
    0.7490000000E+01    0.2363893114E+00    0.2309932806E+00
    0.7500000000E+01    0.2364265105E+00    0.2309940057E+00
    0.7510000000E+01    0.2364547501E+00    0.2309940086E+00
    0.7520000000E+01    0.2364838123E+00    0.2309940242E+00
    0.7530000000E+01    0.2365109954E+00    0.2309940279E+00
    0.7540000000E+01    0.2365355004E+00    0.2309941390E+00
    0.7550000000E+01    0.2365641440E+00    0.2309941431E+00
    0.7560000000E+01    0.2365899847E+00    0.2309941887E+00
    0.7570000000E+01    0.2366168460E+00    0.2309942033E+00
    0.7580000000E+01    0.2366401655E+00    0.2309944378E+00
    0.7590000000E+01    0.2366647422E+00    0.2309945690E+00
    0.7600000000E+01    0.2366874290E+00    0.2309948889E+00
    0.7610000000E+01    0.2367141347E+00    0.2309949163E+00
    0.7620000000E+01    0.2367424282E+00    0.2309949167E+00
    0.7630000000E+01    0.2367717849E+00    0.2309949219E+00
    0.7640000000E+01    0.2368079854E+00    0.2309953691E+00
    0.7650000000E+01    0.2368369918E+00    0.2309953698E+00
    0.7660000000E+01    0.2368699454E+00    0.2309955119E+00
    0.7670000000E+01    0.2369008773E+00    0.2309955480E+00
    0.7680000000E+01    0.2369254628E+00    0.2309957284E+00
    0.7690000000E+01    0.2369553465E+00    0.2309957348E+00
    0.7700000000E+01    0.2369888762E+00    0.2309958942E+00
    0.7710000000E+01    0.2370206604E+00    0.2309959511E+00
    0.7720000000E+01    0.2370480432E+00    0.2309959822E+00
    0.7730000000E+01    0.2370779560E+00    0.2309959852E+00
    0.7740000000E+01    0.2371110724E+00    0.2309960977E+00
    0.7750000000E+01    0.2371478100E+00    0.2309965041E+00
    0.7760000000E+01    0.2371765094E+00    0.2309965102E+00
    0.7770000000E+01    0.2372071494E+00    0.2309965191E+00
    0.7780000000E+01    0.2372361217E+00    0.2309965236E+00
    0.7790000000E+01    0.2372683684E+00    0.2309965739E+00
    0.7800000000E+01    0.2372988265E+00    0.2309965771E+00
    0.7810000000E+01    0.2373276871E+00    0.2309965868E+00
    0.7820000000E+01    0.2373488265E+00    0.2309973712E+00
    0.7830000000E+01    0.2373750766E+00    0.2309975036E+00
    0.7840000000E+01    0.2374047374E+00    0.2309975057E+00
    0.7850000000E+01    0.2374345466E+00    0.2309975073E+00
    0.7860000000E+01    0.2374613385E+00    0.2309976178E+00
    0.7870000000E+01    0.2374951627E+00    0.2309977107E+00
    0.7880000000E+01    0.2375246064E+00    0.2309977196E+00
    0.7890000000E+01    0.2375503487E+00    0.2309979284E+00
    0.7900000000E+01    0.2375836980E+00    0.2309979870E+00
    0.7910000000E+01    0.2376133141E+00    0.2309979971E+00
    0.7920000000E+01    0.2376468954E+00    0.2309980587E+00
    0.7930000000E+01    0.2376759502E+00    0.2309980864E+00
    0.7940000000E+01    0.2377064433E+00    0.2309980880E+00
    0.7950000000E+01    0.2377377814E+00    0.2309980889E+00
    0.7960000000E+01    0.2377628948E+00    0.2309984131E+00
    0.7970000000E+01    0.2377884358E+00    0.2309986985E+00
    0.7980000000E+01    0.2378191045E+00    0.2309987014E+00
    0.7990000000E+01    0.2378517403E+00    0.2309987147E+00
    0.8000000000E+01    0.2378816138E+00    0.2309987345E+00
    0.8010000000E+01    0.2379117035E+00    0.2309987510E+00
    0.8020000000E+01    0.2379496643E+00    0.2309990487E+00
    0.8030000000E+01    0.2379838214E+00    0.2309990970E+00
    0.8040000000E+01    0.2380161397E+00    0.2309990998E+00
    0.8050000000E+01    0.2380555703E+00    0.2309995150E+00
    0.8060000000E+01    0.2380879483E+00    0.2309995169E+00
    0.8070000000E+01    0.2381248167E+00    0.2309996950E+00
    0.8080000000E+01    0.2381580323E+00    0.2309997059E+00
    0.8090000000E+01    0.2381941488E+00    0.2309998253E+00
    0.8100000000E+01    0.2382310806E+00    0.2309999910E+00
    0.8110000000E+01    0.2382648329E+00    0.2310000081E+00
    0.8120000000E+01    0.2382910993E+00    0.2310003284E+00
    0.8130000000E+01    0.2383181623E+00    0.2310005744E+00
    0.8140000000E+01    0.2383519135E+00    0.2310005862E+00
    0.8150000000E+01    0.2383915647E+00    0.2310009375E+00
    0.8160000000E+01    0.2384295509E+00    0.2310011414E+00
    0.8170000000E+01    0.2384615565E+00    0.2310011456E+00
    0.8180000000E+01    0.2384922148E+00    0.2310011830E+00
    0.8190000000E+01    0.2385320432E+00    0.2310015188E+00
    0.8200000000E+01    0.2385616552E+00    0.2310016106E+00
    0.8210000000E+01    0.2385974435E+00    0.2310016656E+00
    0.8220000000E+01    0.2386322276E+00    0.2310016859E+00
    0.8230000000E+01    0.2386706821E+00    0.2310018807E+00
    0.8240000000E+01    0.2387007034E+00    0.2310019664E+00
    0.8250000000E+01    0.2387362381E+00    0.2310020008E+00
    0.8260000000E+01    0.2387755280E+00    0.2310022391E+00
    0.8270000000E+01    0.2388074273E+00    0.2310022596E+00
    0.8280000000E+01    0.2388325323E+00    0.2310028886E+00
    0.8290000000E+01    0.2388620866E+00    0.2310030269E+00
    0.8300000000E+01    0.2388928954E+00    0.2310030967E+00
    0.8310000000E+01    0.2389267900E+00    0.2310030967E+00
    0.8320000000E+01    0.2389667449E+00    0.2310033445E+00
    0.8330000000E+01    0.2389986494E+00    0.2310033793E+00
    0.8340000000E+01    0.2390285454E+00    0.2310035206E+00
    0.8350000000E+01    0.2390637150E+00    0.2310035275E+00
    0.8360000000E+01    0.2390931640E+00    0.2310037138E+00
    0.8370000000E+01    0.2391305627E+00    0.2310037788E+00
    0.8380000000E+01    0.2391651833E+00    0.2310037790E+00
    0.8390000000E+01    0.2392012768E+00    0.2310037966E+00
    0.8400000000E+01    0.2392385452E+00    0.2310038465E+00
    0.8410000000E+01    0.2392813861E+00    0.2310042830E+00
    0.8420000000E+01    0.2393178160E+00    0.2310043028E+00
    0.8430000000E+01    0.2393560859E+00    0.2310043844E+00
    0.8440000000E+01    0.2393970611E+00    0.2310046299E+00
    0.8450000000E+01    0.2394301234E+00    0.2310046579E+00
    0.8460000000E+01    0.2394616254E+00    0.2310047558E+00
    0.8470000000E+01    0.2394949409E+00    0.2310047813E+00
    0.8480000000E+01    0.2395372140E+00    0.2310051046E+00
    0.8490000000E+01    0.2395728839E+00    0.2310051054E+00
    0.8500000000E+01    0.2396123155E+00    0.2310052150E+00
    0.8510000000E+01    0.2396454914E+00    0.2310052547E+00
    0.8520000000E+01    0.2396917554E+00    0.2310059663E+00
    0.8530000000E+01    0.2397292265E+00    0.2310059893E+00
    0.8540000000E+01    0.2397715914E+00    0.2310062761E+00
    0.8550000000E+01    0.2398118968E+00    0.2310064112E+00
    0.8560000000E+01    0.2398473483E+00    0.2310064125E+00
    0.8570000000E+01    0.2398840941E+00    0.2310064167E+00
    0.8580000000E+01    0.2399167343E+00    0.2310065029E+00
    0.8590000000E+01    0.2399534756E+00    0.2310065054E+00
    0.8600000000E+01    0.2399928315E+00    0.2310065713E+00
    0.8610000000E+01    0.2400303724E+00    0.2310065819E+00
    0.8620000000E+01    0.2400704511E+00    0.2310066724E+00
    0.8630000000E+01    0.2401048872E+00    0.2310067020E+00
    0.8640000000E+01    0.2401367861E+00    0.2310068630E+00
    0.8650000000E+01    0.2401722121E+00    0.2310068735E+00
    0.8660000000E+01    0.2402161818E+00    0.2310072039E+00
    0.8670000000E+01    0.2402540945E+00    0.2310072122E+00
    0.8680000000E+01    0.2402973384E+00    0.2310074684E+00
    0.8690000000E+01    0.2403317543E+00    0.2310075148E+00
    0.8700000000E+01    0.2403692790E+00    0.2310075163E+00
    0.8710000000E+01    0.2404092694E+00    0.2310075698E+00
    0.8720000000E+01    0.2404580383E+00    0.2310083609E+00
    0.8730000000E+01    0.2404916677E+00    0.2310084572E+00
    0.8740000000E+01    0.2405324582E+00    0.2310085326E+00
    0.8750000000E+01    0.2405685854E+00    0.2310085450E+00
    0.8760000000E+01    0.2406087929E+00    0.2310085910E+00
    0.8770000000E+01    0.2406519856E+00    0.2310087854E+00
    0.8780000000E+01    0.2407000864E+00    0.2310094265E+00
    0.8790000000E+01    0.2407392019E+00    0.2310094382E+00
    0.8800000000E+01    0.2407737204E+00    0.2310095171E+00
    0.8810000000E+01    0.2408189660E+00    0.2310098417E+00
    0.8820000000E+01    0.2408536104E+00    0.2310099222E+00
    0.8830000000E+01    0.2409026594E+00    0.2310106199E+00
    0.8840000000E+01    0.2409488069E+00    0.2310110011E+00
    0.8850000000E+01    0.2409809240E+00    0.2310112755E+00
    0.8860000000E+01    0.2410107319E+00    0.2310118243E+00
    0.8870000000E+01    0.2410487421E+00    0.2310118257E+00
    0.8880000000E+01    0.2410856305E+00    0.2310118445E+00
    0.8890000000E+01    0.2411267073E+00    0.2310118821E+00
    0.8900000000E+01    0.2411596525E+00    0.2310121199E+00
    0.8910000000E+01    0.2411989613E+00    0.2310121214E+00
    0.8920000000E+01    0.2412383175E+00    0.2310121226E+00
    0.8930000000E+01    0.2412813844E+00    0.2310122251E+00
    0.8940000000E+01    0.2413229478E+00    0.2310122639E+00
    0.8950000000E+01    0.2413579436E+00    0.2310123831E+00
    0.8960000000E+01    0.2413909064E+00    0.2310126626E+00
    0.8970000000E+01    0.2414287798E+00    0.2310126771E+00
    0.8980000000E+01    0.2414634479E+00    0.2310128338E+00
    0.8990000000E+01    0.2415022911E+00    0.2310128370E+00
    0.9000000000E+01    0.2415379839E+00    0.2310129417E+00
    0.9010000000E+01    0.2415731131E+00    0.2310130852E+00
    0.9020000000E+01    0.2416177778E+00    0.2310132265E+00
    0.9030000000E+01    0.2416560047E+00    0.2310132447E+00
    0.9040000000E+01    0.2417036558E+00    0.2310135855E+00
    0.9050000000E+01    0.2417374684E+00    0.2310138553E+00
    0.9060000000E+01    0.2417744703E+00    0.2310139213E+00
    0.9070000000E+01    0.2418199054E+00    0.2310140802E+00
    0.9080000000E+01    0.2418605298E+00    0.2310140807E+00
    0.9090000000E+01    0.2419088173E+00    0.2310144350E+00
    0.9100000000E+01    0.2419552344E+00    0.2310146393E+00
    0.9110000000E+01    0.2419955506E+00    0.2310146398E+00
    0.9120000000E+01    0.2420371151E+00    0.2310146447E+00
    0.9130000000E+01    0.2420829272E+00    0.2310147943E+00
    0.9140000000E+01    0.2421245269E+00    0.2310147977E+00
    0.9150000000E+01    0.2421708235E+00    0.2310149653E+00
    0.9160000000E+01    0.2422139551E+00    0.2310149923E+00
    0.9170000000E+01    0.2422536314E+00    0.2310150052E+00
    0.9180000000E+01    0.2422967880E+00    0.2310150283E+00
    0.9190000000E+01    0.2423463504E+00    0.2310154127E+00
    0.9200000000E+01    0.2423887460E+00    0.2310154193E+00
    0.9210000000E+01    0.2424344610E+00    0.2310155255E+00
    0.9220000000E+01    0.2424775214E+00    0.2310155396E+00
    0.9230000000E+01    0.2425184249E+00    0.2310155427E+00
    0.9240000000E+01    0.2425543168E+00    0.2310157647E+00
    0.9250000000E+01    0.2425924561E+00    0.2310158504E+00
    0.9260000000E+01    0.2426393089E+00    0.2310159907E+00
    0.9270000000E+01    0.2426865044E+00    0.2310161453E+00
    0.9280000000E+01    0.2427280299E+00    0.2310161471E+00
    0.9290000000E+01    0.2427665524E+00    0.2310162306E+00
    0.9300000000E+01    0.2428088661E+00    0.2310162307E+00
    0.9310000000E+01    0.2428565514E+00    0.2310163915E+00
    0.9320000000E+01    0.2428982110E+00    0.2310163951E+00
    0.9330000000E+01    0.2429430406E+00    0.2310164260E+00
    0.9340000000E+01    0.2429853928E+00    0.2310164264E+00
    0.9350000000E+01    0.2430306402E+00    0.2310164638E+00
    0.9360000000E+01    0.2430810362E+00    0.2310167799E+00
    0.9370000000E+01    0.2431339077E+00    0.2310173124E+00
    0.9380000000E+01    0.2431808618E+00    0.2310174033E+00
    0.9390000000E+01    0.2432272382E+00    0.2310174670E+00
    0.9400000000E+01    0.2432629142E+00    0.2310178250E+00
    0.9410000000E+01    0.2433094135E+00    0.2310178859E+00
    0.9420000000E+01    0.2433563047E+00    0.2310179583E+00
    0.9430000000E+01    0.2433987031E+00    0.2310179642E+00
    0.9440000000E+01    0.2434432393E+00    0.2310179705E+00
    0.9450000000E+01    0.2434834083E+00    0.2310180411E+00
    0.9460000000E+01    0.2435310082E+00    0.2310181269E+00
    0.9470000000E+01    0.2435709376E+00    0.2310182162E+00
    0.9480000000E+01    0.2436175903E+00    0.2310182600E+00
    0.9490000000E+01    0.2436621716E+00    0.2310182623E+00
    0.9500000000E+01    0.2436979238E+00    0.2310187011E+00
    0.9510000000E+01    0.2437483798E+00    0.2310189152E+00
    0.9520000000E+01    0.2437848950E+00    0.2310192908E+00
    0.9530000000E+01    0.2438315052E+00    0.2310193197E+00
    0.9540000000E+01    0.2438792772E+00    0.2310193815E+00
    0.9550000000E+01    0.2439265691E+00    0.2310194243E+00
    0.9560000000E+01    0.2439692922E+00    0.2310194448E+00
    0.9570000000E+01    0.2440113923E+00    0.2310194844E+00
    0.9580000000E+01    0.2440567394E+00    0.2310194861E+00
    0.9590000000E+01    0.2441012521E+00    0.2310194869E+00
    0.9600000000E+01    0.2441387644E+00    0.2310198316E+00
    0.9610000000E+01    0.2441823306E+00    0.2310198450E+00
    0.9620000000E+01    0.2442254758E+00    0.2310198690E+00
    0.9630000000E+01    0.2442685326E+00    0.2310198976E+00
    0.9640000000E+01    0.2443112093E+00    0.2310199399E+00
    0.9650000000E+01    0.2443584211E+00    0.2310199563E+00
    0.9660000000E+01    0.2444002229E+00    0.2310200391E+00
    0.9670000000E+01    0.2444473896E+00    0.2310200513E+00
    0.9680000000E+01    0.2444978419E+00    0.2310201674E+00
    0.9690000000E+01    0.2445460805E+00    0.2310201982E+00
    0.9700000000E+01    0.2445999480E+00    0.2310205188E+00
    0.9710000000E+01    0.2446357780E+00    0.2310211668E+00
    0.9720000000E+01    0.2446842717E+00    0.2310211966E+00
    0.9730000000E+01    0.2447367741E+00    0.2310213996E+00
    0.9740000000E+01    0.2447773897E+00    0.2310215897E+00
    0.9750000000E+01    0.2448234544E+00    0.2310215904E+00
    0.9760000000E+01    0.2448659459E+00    0.2310216829E+00
    0.9770000000E+01    0.2449133221E+00    0.2310216860E+00
    0.9780000000E+01    0.2449622186E+00    0.2310217114E+00
    0.9790000000E+01    0.2450056124E+00    0.2310217769E+00
    0.9800000000E+01    0.2450476239E+00    0.2310219140E+00
    0.9810000000E+01    0.2450901449E+00    0.2310220286E+00
    0.9820000000E+01    0.2451376420E+00    0.2310220294E+00
    0.9830000000E+01    0.2451789583E+00    0.2310222292E+00
    0.9840000000E+01    0.2452236650E+00    0.2310222669E+00
    0.9850000000E+01    0.2452788799E+00    0.2310225685E+00
    0.9860000000E+01    0.2453245076E+00    0.2310225877E+00
    0.9870000000E+01    0.2453686132E+00    0.2310226555E+00
    0.9880000000E+01    0.2454148132E+00    0.2310226678E+00
    0.9890000000E+01    0.2454577810E+00    0.2310227990E+00
    0.9900000000E+01    0.2455000659E+00    0.2310229777E+00
    0.9910000000E+01    0.2455518677E+00    0.2310230506E+00
    0.9920000000E+01    0.2455975442E+00    0.2310230827E+00
    0.9930000000E+01    0.2456436764E+00    0.2310231061E+00
    0.9940000000E+01    0.2456959016E+00    0.2310231836E+00
    0.9950000000E+01    0.2457488897E+00    0.2310232892E+00
    0.9960000000E+01    0.2457973667E+00    0.2310232892E+00
    0.9970000000E+01    0.2458401546E+00    0.2310234766E+00
    0.9980000000E+01    0.2458879539E+00    0.2310234809E+00
    0.9990000000E+01    0.2459374228E+00    0.2310234832E+00
    0.1000000000E+02    0.2459935820E+00    0.2310237393E+00
    0.1001000000E+02    0.2460456850E+00    0.2310237886E+00
    0.1002000000E+02    0.2460970828E+00    0.2310238162E+00
    0.1003000000E+02    0.2461494073E+00    0.2310238664E+00
    0.1004000000E+02    0.2461901238E+00    0.2310242792E+00
    0.1005000000E+02    0.2462521616E+00    0.2310250150E+00
    0.1006000000E+02    0.2463057917E+00    0.2310251017E+00
    0.1007000000E+02    0.2463433100E+00    0.2310259490E+00
    0.1008000000E+02    0.2463897357E+00    0.2310260043E+00
    0.1009000000E+02    0.2464431524E+00    0.2310260702E+00
    0.1010000000E+02    0.2464900830E+00    0.2310261151E+00
    0.1011000000E+02    0.2465427454E+00    0.2310261514E+00
    0.1012000000E+02    0.2465917075E+00    0.2310261575E+00
    0.1013000000E+02    0.2466348876E+00    0.2310264228E+00
    0.1014000000E+02    0.2466912465E+00    0.2310266002E+00
    0.1015000000E+02    0.2467419667E+00    0.2310266009E+00
    0.1016000000E+02    0.2467907945E+00    0.2310266144E+00
    0.1017000000E+02    0.2468416439E+00    0.2310266148E+00
    0.1018000000E+02    0.2468869839E+00    0.2310267645E+00
    0.1019000000E+02    0.2469352596E+00    0.2310267963E+00
    0.1020000000E+02    0.2469868726E+00    0.2310267991E+00
    0.1021000000E+02    0.2470428180E+00    0.2310269172E+00
    0.1022000000E+02    0.2470952591E+00    0.2310269266E+00
    0.1023000000E+02    0.2471468198E+00    0.2310269275E+00
    0.1024000000E+02    0.2471965639E+00    0.2310269389E+00
    0.1025000000E+02    0.2472439396E+00    0.2310270205E+00
    0.1026000000E+02    0.2473016092E+00    0.2310272004E+00
    0.1027000000E+02    0.2473569242E+00    0.2310272680E+00
    0.1028000000E+02    0.2474113416E+00    0.2310273050E+00
    0.1029000000E+02    0.2474617931E+00    0.2310273132E+00
    0.1030000000E+02    0.2475061600E+00    0.2310276090E+00
    0.1031000000E+02    0.2475554354E+00    0.2310276451E+00
    0.1032000000E+02    0.2476032008E+00    0.2310277394E+00
    0.1033000000E+02    0.2476605217E+00    0.2310278626E+00
    0.1034000000E+02    0.2477122470E+00    0.2310278640E+00
    0.1035000000E+02    0.2477624166E+00    0.2310278880E+00
    0.1036000000E+02    0.2478244381E+00    0.2310282942E+00
    0.1037000000E+02    0.2478813187E+00    0.2310283815E+00
    0.1038000000E+02    0.2479328771E+00    0.2310283872E+00
    0.1039000000E+02    0.2479844282E+00    0.2310283942E+00
    0.1040000000E+02    0.2480383128E+00    0.2310283993E+00
    0.1041000000E+02    0.2480860526E+00    0.2310285366E+00
    0.1042000000E+02    0.2481418707E+00    0.2310285721E+00
    0.1043000000E+02    0.2482021881E+00    0.2310288023E+00
    0.1044000000E+02    0.2482566950E+00    0.2310288099E+00
    0.1045000000E+02    0.2483041060E+00    0.2310289878E+00
    0.1046000000E+02    0.2483635762E+00    0.2310291509E+00
    0.1047000000E+02    0.2484218823E+00    0.2310292541E+00
    0.1048000000E+02    0.2484730176E+00    0.2310292845E+00
    0.1049000000E+02    0.2485301089E+00    0.2310293360E+00
    0.1050000000E+02    0.2485884815E+00    0.2310294294E+00
    0.1051000000E+02    0.2486378702E+00    0.2310295310E+00
    0.1052000000E+02    0.2486913961E+00    0.2310295323E+00
    0.1053000000E+02    0.2487504280E+00    0.2310296397E+00
    0.1054000000E+02    0.2488023020E+00    0.2310296665E+00
    0.1055000000E+02    0.2488499197E+00    0.2310298930E+00
    0.1056000000E+02    0.2488995780E+00    0.2310300062E+00
    0.1057000000E+02    0.2489527519E+00    0.2310300156E+00
    0.1058000000E+02    0.2490040795E+00    0.2310300700E+00
    0.1059000000E+02    0.2490590548E+00    0.2310300702E+00
    0.1060000000E+02    0.2491141890E+00    0.2310300704E+00
    0.1061000000E+02    0.2491661799E+00    0.2310301138E+00
    0.1062000000E+02    0.2492207811E+00    0.2310301151E+00
    0.1063000000E+02    0.2492744033E+00    0.2310301272E+00
    0.1064000000E+02    0.2493430954E+00    0.2310308622E+00
    0.1065000000E+02    0.2494004743E+00    0.2310308799E+00
    0.1066000000E+02    0.2494630042E+00    0.2310310933E+00
    0.1067000000E+02    0.2495215620E+00    0.2310311328E+00
    0.1068000000E+02    0.2495831254E+00    0.2310312833E+00
    0.1069000000E+02    0.2496472920E+00    0.2310315834E+00
    0.1070000000E+02    0.2497049670E+00    0.2310315983E+00
    0.1071000000E+02    0.2497647812E+00    0.2310316642E+00
    0.1072000000E+02    0.2498238861E+00    0.2310317058E+00
    0.1073000000E+02    0.2498849511E+00    0.2310318115E+00
    0.1074000000E+02    0.2499382858E+00    0.2310318504E+00
    0.1075000000E+02    0.2499868333E+00    0.2310321458E+00
    0.1076000000E+02    0.2500402000E+00    0.2310321904E+00
    0.1077000000E+02    0.2500947400E+00    0.2310322096E+00
