      Distance(R2)         g(r)           g(r)*vdvcorrection   vdvcorrection
    0.5000000000E-02    0.0000000000E+00    0.0000000000E+00    0.1010101010E+01
    0.1500000000E-01    0.0000000000E+00    0.0000000000E+00    0.1010101007E+01
    0.2500000000E-01    0.0000000000E+00    0.0000000000E+00    0.1010100999E+01
    0.3500000000E-01    0.0000000000E+00    0.0000000000E+00    0.1010100983E+01
    0.4500000000E-01    0.0000000000E+00    0.0000000000E+00    0.1010100958E+01
    0.5500000000E-01    0.0000000000E+00    0.0000000000E+00    0.1010100919E+01
    0.6500000000E-01    0.0000000000E+00    0.0000000000E+00    0.1010100865E+01
    0.7500000000E-01    0.0000000000E+00    0.0000000000E+00    0.1010100794E+01
    0.8500000000E-01    0.0000000000E+00    0.0000000000E+00    0.1010100702E+01
    0.9500000000E-01    0.0000000000E+00    0.0000000000E+00    0.1010100587E+01
    0.1050000000E+00    0.0000000000E+00    0.0000000000E+00    0.1010100447E+01
    0.1150000000E+00    0.0000000000E+00    0.0000000000E+00    0.1010100279E+01
    0.1250000000E+00    0.0000000000E+00    0.0000000000E+00    0.1010100081E+01
    0.1350000000E+00    0.0000000000E+00    0.0000000000E+00    0.1010099849E+01
    0.1450000000E+00    0.0000000000E+00    0.0000000000E+00    0.1010099582E+01
    0.1550000000E+00    0.0000000000E+00    0.0000000000E+00    0.1010099277E+01
    0.1650000000E+00    0.0000000000E+00    0.0000000000E+00    0.1010098931E+01
    0.1750000000E+00    0.0000000000E+00    0.0000000000E+00    0.1010098542E+01
    0.1850000000E+00    0.0000000000E+00    0.0000000000E+00    0.1010098108E+01
    0.1950000000E+00    0.0000000000E+00    0.0000000000E+00    0.1010097625E+01
    0.2050000000E+00    0.0000000000E+00    0.0000000000E+00    0.1010097091E+01
    0.2150000000E+00    0.0000000000E+00    0.0000000000E+00    0.1010096504E+01
    0.2250000000E+00    0.0000000000E+00    0.0000000000E+00    0.1010095861E+01
    0.2350000000E+00    0.0000000000E+00    0.0000000000E+00    0.1010095160E+01
    0.2450000000E+00    0.0000000000E+00    0.0000000000E+00    0.1010094398E+01
    0.2550000000E+00    0.0000000000E+00    0.0000000000E+00    0.1010093572E+01
    0.2650000000E+00    0.0000000000E+00    0.0000000000E+00    0.1010092680E+01
    0.2750000000E+00    0.0000000000E+00    0.0000000000E+00    0.1010091720E+01
    0.2850000000E+00    0.0000000000E+00    0.0000000000E+00    0.1010090689E+01
    0.2950000000E+00    0.0000000000E+00    0.0000000000E+00    0.1010089584E+01
    0.3050000000E+00    0.0000000000E+00    0.0000000000E+00    0.1010088402E+01
    0.3150000000E+00    0.0000000000E+00    0.0000000000E+00    0.1010087143E+01
    0.3250000000E+00    0.0000000000E+00    0.0000000000E+00    0.1010085801E+01
    0.3350000000E+00    0.0000000000E+00    0.0000000000E+00    0.1010084377E+01
    0.3450000000E+00    0.0000000000E+00    0.0000000000E+00    0.1010082865E+01
    0.3550000000E+00    0.0000000000E+00    0.0000000000E+00    0.1010081265E+01
    0.3650000000E+00    0.0000000000E+00    0.0000000000E+00    0.1010079574E+01
    0.3750000000E+00    0.0000000000E+00    0.0000000000E+00    0.1010077788E+01
    0.3850000000E+00    0.0000000000E+00    0.0000000000E+00    0.1010075906E+01
    0.3950000000E+00    0.0000000000E+00    0.0000000000E+00    0.1010073925E+01
    0.4050000000E+00    0.0000000000E+00    0.0000000000E+00    0.1010071843E+01
    0.4150000000E+00    0.0000000000E+00    0.0000000000E+00    0.1010069656E+01
    0.4250000000E+00    0.0000000000E+00    0.0000000000E+00    0.1010067363E+01
    0.4350000000E+00    0.0000000000E+00    0.0000000000E+00    0.1010064960E+01
    0.4450000000E+00    0.0000000000E+00    0.0000000000E+00    0.1010062446E+01
    0.4550000000E+00    0.0000000000E+00    0.0000000000E+00    0.1010059818E+01
    0.4650000000E+00    0.0000000000E+00    0.0000000000E+00    0.1010057073E+01
    0.4750000000E+00    0.0000000000E+00    0.0000000000E+00    0.1010054208E+01
    0.4850000000E+00    0.0000000000E+00    0.0000000000E+00    0.1010051222E+01
    0.4950000000E+00    0.0000000000E+00    0.0000000000E+00    0.1010048111E+01
    0.5050000000E+00    0.0000000000E+00    0.0000000000E+00    0.1010044873E+01
    0.5150000000E+00    0.0000000000E+00    0.0000000000E+00    0.1010041506E+01
    0.5250000000E+00    0.0000000000E+00    0.0000000000E+00    0.1010038007E+01
    0.5350000000E+00    0.0000000000E+00    0.0000000000E+00    0.1010034373E+01
    0.5450000000E+00    0.0000000000E+00    0.0000000000E+00    0.1010030602E+01
    0.5550000000E+00    0.0000000000E+00    0.0000000000E+00    0.1010026691E+01
    0.5650000000E+00    0.0000000000E+00    0.0000000000E+00    0.1010022639E+01
    0.5750000000E+00    0.0000000000E+00    0.0000000000E+00    0.1010018441E+01
    0.5850000000E+00    0.0000000000E+00    0.0000000000E+00    0.1010014096E+01
    0.5950000000E+00    0.0000000000E+00    0.0000000000E+00    0.1010009602E+01
    0.6050000000E+00    0.0000000000E+00    0.0000000000E+00    0.1010004955E+01
    0.6150000000E+00    0.0000000000E+00    0.0000000000E+00    0.1010000153E+01
    0.6250000000E+00    0.0000000000E+00    0.0000000000E+00    0.1009995194E+01
    0.6350000000E+00    0.0000000000E+00    0.0000000000E+00    0.1009990075E+01
    0.6450000000E+00    0.0000000000E+00    0.0000000000E+00    0.1009984794E+01
    0.6550000000E+00    0.0000000000E+00    0.0000000000E+00    0.1009979347E+01
    0.6650000000E+00    0.0000000000E+00    0.0000000000E+00    0.1009973733E+01
    0.6750000000E+00    0.0000000000E+00    0.0000000000E+00    0.1009967949E+01
    0.6850000000E+00    0.0000000000E+00    0.0000000000E+00    0.1009961992E+01
    0.6950000000E+00    0.0000000000E+00    0.0000000000E+00    0.1009955860E+01
    0.7050000000E+00    0.0000000000E+00    0.0000000000E+00    0.1009949550E+01
    0.7150000000E+00    0.0000000000E+00    0.0000000000E+00    0.1009943060E+01
    0.7250000000E+00    0.6116903328E-04    0.6177683252E-04    0.1009936388E+01
    0.7350000000E+00    0.1785477545E-03    0.1803206500E-03    0.1009929531E+01
    0.7450000000E+00    0.4055024564E-03    0.4095260495E-03    0.1009922488E+01
    0.7550000000E+00    0.1071686757E-02    0.1082312809E-02    0.1009915259E+01
    0.7650000000E+00    0.2225053635E-02    0.2247099125E-02    0.1009907846E+01
    0.7750000000E+00    0.4924848921E-02    0.4973606203E-02    0.1009900259E+01
    0.7850000000E+00    0.8791626595E-02    0.8878597814E-02    0.1009892506E+01
    0.7950000000E+00    0.1638062256E-01    0.1654253872E-01    0.1009884615E+01
    0.8050000000E+00    0.2634581822E-01    0.2660602553E-01    0.1009876608E+01
    0.8150000000E+00    0.4092676910E-01    0.4133065589E-01    0.1009868524E+01
    0.8250000000E+00    0.6448132490E-01    0.6511713953E-01    0.1009860446E+01
    0.8350000000E+00    0.8434320097E-01    0.8517417960E-01    0.1009852349E+01
    0.8450000000E+00    0.1202509764E+00    0.1214347733E+00    0.1009844385E+01
    0.8550000000E+00    0.1606011461E+00    0.1621809169E+00    0.1009836610E+01
    0.8650000000E+00    0.2102580728E+00    0.2123247262E+00    0.1009829128E+01
    0.8750000000E+00    0.2593167944E+00    0.2618637918E+00    0.1009821953E+01
    0.8850000000E+00    0.3076974958E+00    0.3107175773E+00    0.1009815099E+01
    0.8950000000E+00    0.3693769176E+00    0.3730000335E+00    0.1009808723E+01
    0.9050000000E+00    0.4423240006E+00    0.4466600892E+00    0.1009802969E+01
    0.9150000000E+00    0.4955555666E+00    0.5004108510E+00    0.1009797659E+01
    0.9250000000E+00    0.5587948456E+00    0.5642670818E+00    0.1009792925E+01
    0.9350000000E+00    0.6285714164E+00    0.6347244206E+00    0.1009788871E+01
    0.9450000000E+00    0.6960590697E+00    0.7028703565E+00    0.1009785501E+01
    0.9550000000E+00    0.7528235758E+00    0.7601882409E+00    0.1009782724E+01
    0.9650000000E+00    0.8172832679E+00    0.8252768353E+00    0.1009780657E+01
    0.9750000000E+00    0.8567324946E+00    0.8651105058E+00    0.1009779028E+01
    0.9850000000E+00    0.9205825722E+00    0.9295841756E+00    0.1009778160E+01
    0.9950000000E+00    0.9686340061E+00    0.9781051963E+00    0.1009777883E+01
    0.1005000000E+01    0.1021810383E+01    0.1031801941E+01    0.1009778290E+01
    0.1015000000E+01    0.1055891823E+01    0.1066217553E+01    0.1009779155E+01
    0.1025000000E+01    0.1077866619E+01    0.1088408513E+01    0.1009780332E+01
    0.1035000000E+01    0.1122510539E+01    0.1133491102E+01    0.1009782147E+01
    0.1045000000E+01    0.1153567606E+01    0.1164854609E+01    0.1009784431E+01
    0.1055000000E+01    0.1174007118E+01    0.1185497185E+01    0.1009787051E+01
    0.1065000000E+01    0.1201855784E+01    0.1213622103E+01    0.1009790125E+01
    0.1075000000E+01    0.1211456476E+01    0.1223320754E+01    0.1009793400E+01
    0.1085000000E+01    0.1241776648E+01    0.1253942575E+01    0.1009797195E+01
    0.1095000000E+01    0.1246805907E+01    0.1259026022E+01    0.1009801136E+01
    0.1105000000E+01    0.1255940178E+01    0.1268255041E+01    0.1009805294E+01
    0.1115000000E+01    0.1272784702E+01    0.1285270459E+01    0.1009809795E+01
    0.1125000000E+01    0.1273566544E+01    0.1286065824E+01    0.1009814391E+01
    0.1135000000E+01    0.1274347980E+01    0.1286860907E+01    0.1009819082E+01
    0.1145000000E+01    0.1276563358E+01    0.1289104179E+01    0.1009823893E+01
    0.1155000000E+01    0.1264387692E+01    0.1276814828E+01    0.1009828580E+01
    0.1165000000E+01    0.1270124544E+01    0.1282614250E+01    0.1009833450E+01
    0.1175000000E+01    0.1266005468E+01    0.1278460848E+01    0.1009838330E+01
    0.1185000000E+01    0.1257665276E+01    0.1270044656E+01    0.1009843144E+01
    0.1195000000E+01    0.1266042007E+01    0.1278510233E+01    0.1009848193E+01
    0.1205000000E+01    0.1259464886E+01    0.1271874651E+01    0.1009853205E+01
    0.1215000000E+01    0.1255643500E+01    0.1268021920E+01    0.1009858228E+01
    0.1225000000E+01    0.1238215905E+01    0.1250428427E+01    0.1009862999E+01
    0.1235000000E+01    0.1240895975E+01    0.1253141013E+01    0.1009867901E+01
    0.1245000000E+01    0.1239627876E+01    0.1251866545E+01    0.1009872858E+01
    0.1255000000E+01    0.1224595808E+01    0.1236691865E+01    0.1009877591E+01
    0.1265000000E+01    0.1220842640E+01    0.1232907401E+01    0.1009882323E+01
    0.1275000000E+01    0.1215325482E+01    0.1227341424E+01    0.1009887015E+01
    0.1285000000E+01    0.1212684143E+01    0.1224679683E+01    0.1009891726E+01
    0.1295000000E+01    0.1204754702E+01    0.1216677365E+01    0.1009896340E+01
    0.1305000000E+01    0.1194404544E+01    0.1206230104E+01    0.1009900800E+01
    0.1315000000E+01    0.1190596952E+01    0.1202390104E+01    0.1009905244E+01
    0.1325000000E+01    0.1180275530E+01    0.1191971498E+01    0.1009909523E+01
    0.1335000000E+01    0.1172600154E+01    0.1184224951E+01    0.1009913692E+01
    0.1345000000E+01    0.1165386058E+01    0.1176944074E+01    0.1009917757E+01
    0.1355000000E+01    0.1150542401E+01    0.1161957546E+01    0.1009921533E+01
    0.1365000000E+01    0.1154169274E+01    0.1165624926E+01    0.1009925452E+01
    0.1375000000E+01    0.1143428659E+01    0.1154781955E+01    0.1009929168E+01
    0.1385000000E+01    0.1138558936E+01    0.1149868036E+01    0.1009932819E+01
    0.1395000000E+01    0.1125821547E+01    0.1137007940E+01    0.1009936204E+01
    0.1405000000E+01    0.1121636875E+01    0.1132785422E+01    0.1009939533E+01
    0.1415000000E+01    0.1114735739E+01    0.1125819258E+01    0.1009942732E+01
    0.1425000000E+01    0.1109049279E+01    0.1120079693E+01    0.1009945829E+01
    0.1435000000E+01    0.1102327345E+01    0.1113294170E+01    0.1009948791E+01
    0.1445000000E+01    0.1102929585E+01    0.1113905732E+01    0.1009951812E+01
    0.1455000000E+01    0.1090843514E+01    0.1101702366E+01    0.1009954546E+01
    0.1465000000E+01    0.1092159225E+01    0.1103034241E+01    0.1009957354E+01
    0.1475000000E+01    0.1088218366E+01    0.1099057120E+01    0.1009960091E+01
    0.1485000000E+01    0.1079020840E+01    0.1089770698E+01    0.1009962605E+01
    0.1495000000E+01    0.1074258132E+01    0.1084963132E+01    0.1009965017E+01
    0.1505000000E+01    0.1068603626E+01    0.1079254715E+01    0.1009967296E+01
    0.1515000000E+01    0.1073468567E+01    0.1084170780E+01    0.1009969750E+01
    0.1525000000E+01    0.1068104937E+01    0.1078756160E+01    0.1009972076E+01
    0.1535000000E+01    0.1063253456E+01    0.1073858650E+01    0.1009974286E+01
    0.1545000000E+01    0.1058026857E+01    0.1068582119E+01    0.1009976365E+01
    0.1555000000E+01    0.1049561980E+01    0.1060034728E+01    0.1009978208E+01
    0.1565000000E+01    0.1052082870E+01    0.1062582819E+01    0.1009980154E+01
    0.1575000000E+01    0.1044747230E+01    0.1055175785E+01    0.1009981892E+01
    0.1585000000E+01    0.1044449091E+01    0.1054876498E+01    0.1009983643E+01
    0.1595000000E+01    0.1037080923E+01    0.1047436358E+01    0.1009985175E+01
    0.1605000000E+01    0.1035506239E+01    0.1045847503E+01    0.1009986675E+01
    0.1615000000E+01    0.1029798247E+01    0.1040083873E+01    0.1009988002E+01
    0.1625000000E+01    0.1030069458E+01    0.1040359187E+01    0.1009989355E+01
    0.1635000000E+01    0.1025409901E+01    0.1035654324E+01    0.1009990565E+01
    0.1645000000E+01    0.1026086442E+01    0.1036338906E+01    0.1009991813E+01
    0.1655000000E+01    0.1020614678E+01    0.1030813562E+01    0.1009992884E+01
    0.1665000000E+01    0.1022042792E+01    0.1032257106E+01    0.1009994019E+01
    0.1675000000E+01    0.1019593817E+01    0.1029784738E+01    0.1009995079E+01
    0.1685000000E+01    0.1016275823E+01    0.1026434549E+01    0.1009996032E+01
    0.1695000000E+01    0.1018935389E+01    0.1029121781E+01    0.1009997094E+01
    0.1705000000E+01    0.1008467044E+01    0.1018549472E+01    0.1009997777E+01
    0.1715000000E+01    0.1005710220E+01    0.1015765678E+01    0.1009998365E+01
    0.1725000000E+01    0.1007125588E+01    0.1017195850E+01    0.1009999013E+01
    0.1735000000E+01    0.1008227978E+01    0.1018309968E+01    0.1009999712E+01
    0.1745000000E+01    0.1002592137E+01    0.1012618258E+01    0.1010000199E+01
    0.1755000000E+01    0.1001967001E+01    0.1011987339E+01    0.1010000666E+01
    0.1765000000E+01    0.1002834623E+01    0.1012864146E+01    0.1010001174E+01
    0.1775000000E+01    0.9970113504E+00    0.1006982911E+01    0.1010001451E+01
    0.1785000000E+01    0.1001452277E+01    0.1011468717E+01    0.1010001914E+01
    0.1795000000E+01    0.9981685932E+00    0.1008152521E+01    0.1010002246E+01
    0.1805000000E+01    0.9982069415E+00    0.1008191590E+01    0.1010002583E+01
    0.1815000000E+01    0.9942504724E+00    0.1004195718E+01    0.1010002757E+01
    0.1825000000E+01    0.9996507115E+00    0.1009650381E+01    0.1010003163E+01
    0.1835000000E+01    0.9936023370E+00    0.1003541652E+01    0.1010003313E+01
    0.1845000000E+01    0.9950170351E+00    0.1004970714E+01    0.1010003526E+01
    0.1855000000E+01    0.9932133715E+00    0.1003149142E+01    0.1010003661E+01
    0.1865000000E+01    0.9883452056E+00    0.9982321966E+00    0.1010003581E+01
    0.1875000000E+01    0.9916270921E+00    0.1001546980E+01    0.1010003648E+01
    0.1885000000E+01    0.9928293507E+00    0.1002761387E+01    0.1010003770E+01
    0.1895000000E+01    0.9891251095E+00    0.9990200430E+00    0.1010003723E+01
    0.1905000000E+01    0.9952913870E+00    0.1005248245E+01    0.1010003963E+01
    0.1915000000E+01    0.9880670128E+00    0.9979515016E+00    0.1010003865E+01
    0.1925000000E+01    0.9940100204E+00    0.1003954145E+01    0.1010004049E+01
    0.1935000000E+01    0.9912334502E+00    0.1001149850E+01    0.1010004101E+01
    0.1945000000E+01    0.9903990850E+00    0.1000307150E+01    0.1010004114E+01
    0.1955000000E+01    0.9932439537E+00    0.1003180630E+01    0.1010004266E+01
    0.1965000000E+01    0.9907212601E+00    0.1000632727E+01    0.1010004294E+01
    0.1975000000E+01    0.9874855925E+00    0.9973645573E+00    0.1010004161E+01
    0.1985000000E+01    0.9901195080E+00    0.1000024822E+01    0.1010004160E+01
    0.1995000000E+01    0.9860833473E+00    0.9959480776E+00    0.1010003952E+01
    0.2005000000E+01    0.9891405387E+00    0.9990358016E+00    0.1010003900E+01
    0.2015000000E+01    0.9938268125E+00    0.1003769148E+01    0.1010004092E+01
    0.2025000000E+01    0.9883479667E+00    0.9982353973E+00    0.1010003998E+01
    0.2035000000E+01    0.9919697149E+00    0.1001893474E+01    0.1010004095E+01
    0.2045000000E+01    0.9944279282E+00    0.1004376509E+01    0.1010004325E+01
    0.2055000000E+01    0.9893034558E+00    0.9992007243E+00    0.1010004280E+01
    0.2065000000E+01    0.9904632075E+00    0.1000372096E+01    0.1010004297E+01
    0.2075000000E+01    0.9905951239E+00    0.1000505357E+01    0.1010004322E+01
    0.2085000000E+01    0.9917698698E+00    0.1001691946E+01    0.1010004413E+01
    0.2095000000E+01    0.9911995283E+00    0.1001115957E+01    0.1010004473E+01
    0.2105000000E+01    0.9902070273E+00    0.1000113531E+01    0.1010004477E+01
    0.2115000000E+01    0.9910865017E+00    0.1001001858E+01    0.1010004531E+01
    0.2125000000E+01    0.9884985591E+00    0.9983879295E+00    0.1010004436E+01
    0.2135000000E+01    0.9849279830E+00    0.9947813306E+00    0.1010004130E+01
    0.2145000000E+01    0.9906785349E+00    0.1000589443E+01    0.1010004162E+01
    0.2155000000E+01    0.9892633168E+00    0.9991600152E+00    0.1010004109E+01
    0.2165000000E+01    0.9886550645E+00    0.9985455893E+00    0.1010004020E+01
    0.2175000000E+01    0.9911154238E+00    0.1001030621E+01    0.1010004079E+01
    0.2185000000E+01    0.9893510261E+00    0.9992485241E+00    0.1010004031E+01
    0.2195000000E+01    0.9896963589E+00    0.9995972843E+00    0.1010004003E+01
    0.2205000000E+01    0.9886456984E+00    0.9985360205E+00    0.1010003909E+01
    0.2215000000E+01    0.9852242321E+00    0.9950800202E+00    0.1010003599E+01
    0.2225000000E+01    0.9835809916E+00    0.9934199301E+00    0.1010003181E+01
    0.2235000000E+01    0.9889789792E+00    0.9988718408E+00    0.1010003106E+01
    0.2245000000E+01    0.9931160051E+00    0.1003050442E+01    0.1010003299E+01
    0.2255000000E+01    0.9932428048E+00    0.1003178712E+01    0.1010003502E+01
    0.2265000000E+01    0.9908875579E+00    0.1000799953E+01    0.1010003552E+01
    0.2275000000E+01    0.9931975654E+00    0.1003133271E+01    0.1010003756E+01
    0.2285000000E+01    0.9913957616E+00    0.1001313527E+01    0.1010003840E+01
    0.2295000000E+01    0.9888886170E+00    0.9987812171E+00    0.1010003756E+01
    0.2305000000E+01    0.9933136508E+00    0.1003250734E+01    0.1010003973E+01
    0.2315000000E+01    0.9921329855E+00    0.1002058394E+01    0.1010004111E+01
    0.2325000000E+01    0.9913551691E+00    0.1001272880E+01    0.1010004196E+01
    0.2335000000E+01    0.9881423323E+00    0.9980277630E+00    0.1010004055E+01
    0.2345000000E+01    0.9898537034E+00    0.9997562348E+00    0.1010004035E+01
    0.2355000000E+01    0.9906192318E+00    0.1000529456E+01    0.1010004070E+01
    0.2365000000E+01    0.9900344190E+00    0.9999387851E+00    0.1010004062E+01
    0.2375000000E+01    0.9908493492E+00    0.1000761919E+01    0.1010004114E+01
    0.2385000000E+01    0.9885832884E+00    0.9984730760E+00    0.1010004000E+01
    0.2395000000E+01    0.9888400524E+00    0.9987323138E+00    0.1010003904E+01
    0.2405000000E+01    0.9907510366E+00    0.1000662461E+01    0.1010003950E+01
    0.2415000000E+01    0.9864413790E+00    0.9963094155E+00    0.1010003672E+01
    0.2425000000E+01    0.9903675135E+00    0.1000274843E+01    0.1010003690E+01
    0.2435000000E+01    0.9902862413E+00    0.1000192769E+01    0.1010003702E+01
    0.2445000000E+01    0.9913886895E+00    0.1001306342E+01    0.1010003798E+01
    0.2455000000E+01    0.9915787945E+00    0.1001498460E+01    0.1010003910E+01
    0.2465000000E+01    0.9931486696E+00    0.1003084274E+01    0.1010004147E+01
    0.2475000000E+01    0.9861498518E+00    0.9960151288E+00    0.1010003832E+01
    0.2485000000E+01    0.9910478659E+00    0.1000962214E+01    0.1010003904E+01
    0.2495000000E+01    0.9911847195E+00    0.1001100520E+01    0.1010003989E+01
    0.2505000000E+01    0.9909086385E+00    0.1000821739E+01    0.1010004051E+01
    0.2515000000E+01    0.9931700780E+00    0.1003106048E+01    0.1010004299E+01
    0.2525000000E+01    0.9886322400E+00    0.9985226905E+00    0.1010004176E+01
    0.2535000000E+01    0.9892833672E+00    0.9991802618E+00    0.1010004105E+01
    0.2545000000E+01    0.9897721334E+00    0.9996738878E+00    0.1010004075E+01
    0.2555000000E+01    0.9912572657E+00    0.1001173971E+01    0.1010004169E+01
    0.2565000000E+01    0.9883813357E+00    0.9982691230E+00    0.1010004021E+01
    0.2575000000E+01    0.9921124209E+00    0.1002037702E+01    0.1010004190E+01
    0.2585000000E+01    0.9885893674E+00    0.9984792716E+00    0.1010004057E+01
    0.2595000000E+01    0.9887054398E+00    0.9985963825E+00    0.1010003933E+01
    0.2605000000E+01    0.9909606187E+00    0.1000874194E+01    0.1010004005E+01
    0.2615000000E+01    0.9921297939E+00    0.1002055240E+01    0.1010004182E+01
    0.2625000000E+01    0.9877534087E+00    0.9976348640E+00    0.1010003970E+01
    0.2635000000E+01    0.9895343100E+00    0.9994335282E+00    0.1010003916E+01
    0.2645000000E+01    0.9883279615E+00    0.9982149504E+00    0.1010003753E+01
    0.2655000000E+01    0.9891437198E+00    0.9990387802E+00    0.1010003663E+01
    0.2665000000E+01    0.9880859522E+00    0.9979702454E+00    0.1010003475E+01
    0.2675000000E+01    0.9915905156E+00    0.1001510000E+01    0.1010003610E+01
    0.2685000000E+01    0.9923752925E+00    0.1002302835E+01    0.1010003819E+01
    0.2695000000E+01    0.9851859788E+00    0.9950411435E+00    0.1010003355E+01
    0.2705000000E+01    0.9883141329E+00    0.9982004197E+00    0.1010003183E+01
    0.2715000000E+01    0.9905255294E+00    0.1000433974E+01    0.1010003220E+01
    0.2725000000E+01    0.9904393310E+00    0.1000346943E+01    0.1010003250E+01
    0.2735000000E+01    0.9906803700E+00    0.1000590446E+01    0.1010003303E+01
    0.2745000000E+01    0.9924661613E+00    0.1002394326E+01    0.1010003530E+01
    0.2755000000E+01    0.9908258773E+00    0.1000737701E+01    0.1010003598E+01
    0.2765000000E+01    0.9892590167E+00    0.9991550812E+00    0.1010003512E+01
    0.2775000000E+01    0.9936095478E+00    0.1003549477E+01    0.1010003858E+01
    0.2785000000E+01    0.9880580258E+00    0.9979422130E+00    0.1010003651E+01
    0.2795000000E+01    0.9925369841E+00    0.1002466219E+01    0.1010003894E+01
    0.2805000000E+01    0.9919742678E+00    0.1001898059E+01    0.1010004081E+01
    0.2815000000E+01    0.9895564404E+00    0.9994559854E+00    0.1010004023E+01
    0.2825000000E+01    0.9899257945E+00    0.9998290136E+00    0.1010004001E+01
    0.2835000000E+01    0.9888811692E+00    0.9987738095E+00    0.1010003872E+01
    0.2845000000E+01    0.9871534283E+00    0.9970284766E+00    0.1010003560E+01
    0.2855000000E+01    0.9929222804E+00    0.1002855330E+01    0.1010003854E+01
    0.2865000000E+01    0.9923467353E+00    0.1002274261E+01    0.1010004090E+01
    0.2875000000E+01    0.9907729589E+00    0.1000684809E+01    0.1010004159E+01
    0.2885000000E+01    0.9912985806E+00    0.1001215814E+01    0.1010004285E+01
    0.2895000000E+01    0.9902280830E+00    0.1000134617E+01    0.1010004296E+01
    0.2905000000E+01    0.9903394232E+00    0.1000247094E+01    0.1010004319E+01
    0.2915000000E+01    0.9904240392E+00    0.1000332589E+01    0.1010004351E+01
    0.2925000000E+01    0.9893118385E+00    0.9992091719E+00    0.1010004261E+01
    0.2935000000E+01    0.9902875640E+00    0.1000194676E+01    0.1010004278E+01
    0.2945000000E+01    0.9884691050E+00    0.9983578407E+00    0.1010004092E+01
    0.2955000000E+01    0.9927685561E+00    0.1002700601E+01    0.1010004391E+01
    0.2965000000E+01    0.9914906407E+00    0.1001410054E+01    0.1010004546E+01
    0.2975000000E+01    0.9914080813E+00    0.1001326815E+01    0.1010004693E+01
    0.2985000000E+01    0.9890616952E+00    0.9989568318E+00    0.1010004570E+01
    0.2995000000E+01    0.9899397255E+00    0.9998436248E+00    0.1010004548E+01
    0.3005000000E+01    0.9897320195E+00    0.9996337950E+00    0.1010004501E+01
    0.3015000000E+01    0.9888244049E+00    0.9987169482E+00    0.1010004348E+01
    0.3025000000E+01    0.9903719930E+00    0.1000280048E+01    0.1010004377E+01
    0.3035000000E+01    0.9899806218E+00    0.9998847437E+00    0.1010004359E+01
    0.3045000000E+01    0.9931221955E+00    0.1003058105E+01    0.1010004720E+01
    0.3055000000E+01    0.9893992972E+00    0.9992978726E+00    0.1010004632E+01
    0.3065000000E+01    0.9934935466E+00    0.1003433491E+01    0.1010005042E+01
    0.3075000000E+01    0.9895466718E+00    0.9994470574E+00    0.1010004971E+01
    0.3085000000E+01    0.9888478835E+00    0.9987411216E+00    0.1010004813E+01
    0.3095000000E+01    0.9884848538E+00    0.9983742581E+00    0.1010004609E+01
    0.3105000000E+01    0.9906322139E+00    0.1000543164E+01    0.1010004672E+01
    0.3115000000E+01    0.9892822281E+00    0.9991795673E+00    0.1010004566E+01
    0.3125000000E+01    0.9903310205E+00    0.1000238878E+01    0.1010004592E+01
    0.3135000000E+01    0.9908147120E+00    0.1000727496E+01    0.1010004680E+01
    0.3145000000E+01    0.9890569051E+00    0.9989519668E+00    0.1010004542E+01
    0.3155000000E+01    0.9899468896E+00    0.9998508323E+00    0.1010004519E+01
    0.3165000000E+01    0.9894225090E+00    0.9993211149E+00    0.1010004428E+01
    0.3175000000E+01    0.9905994562E+00    0.1000509898E+01    0.1010004490E+01
    0.3185000000E+01    0.9917579861E+00    0.1001680232E+01    0.1010004705E+01
    0.3195000000E+01    0.9905187586E+00    0.1000428658E+01    0.1010004757E+01
    0.3205000000E+01    0.9898296909E+00    0.9997326574E+00    0.1010004718E+01
    0.3215000000E+01    0.9896650501E+00    0.9995663083E+00    0.1010004656E+01
    0.3225000000E+01    0.9915237360E+00    0.1001443777E+01    0.1010004845E+01
    0.3235000000E+01    0.9915862705E+00    0.1001507135E+01    0.1010005044E+01
    0.3245000000E+01    0.9915437077E+00    0.1001464339E+01    0.1010005238E+01
    0.3255000000E+01    0.9889110621E+00    0.9988051874E+00    0.1010005071E+01
    0.3265000000E+01    0.9908976240E+00    0.1000811731E+01    0.1010005178E+01
    0.3275000000E+01    0.9902484886E+00    0.1000156118E+01    0.1010005196E+01
    0.3285000000E+01    0.9907121522E+00    0.1000624503E+01    0.1010005278E+01
    0.3295000000E+01    0.9899584926E+00    0.9998632794E+00    0.1010005255E+01
    0.3305000000E+01    0.9900214662E+00    0.9999268687E+00    0.1010005240E+01
    0.3315000000E+01    0.9924267983E+00    0.1002356594E+01    0.1010005570E+01
    0.3325000000E+01    0.9886867395E+00    0.9985789091E+00    0.1010005363E+01
    0.3335000000E+01    0.9922888706E+00    0.1002217392E+01    0.1010005676E+01
    0.3345000000E+01    0.9897282905E+00    0.9996311347E+00    0.1010005619E+01
    0.3355000000E+01    0.9941303454E+00    0.1004077819E+01    0.1010006206E+01
    0.3365000000E+01    0.9899526448E+00    0.9998582906E+00    0.1010006181E+01
    0.3375000000E+01    0.9895526686E+00    0.9994542285E+00    0.1010006097E+01
    0.3385000000E+01    0.9926266613E+00    0.1002559351E+01    0.1010006471E+01
    0.3395000000E+01    0.9902579019E+00    0.1000166909E+01    0.1010006491E+01
    0.3405000000E+01    0.9892669893E+00    0.9991659530E+00    0.1010006362E+01
    0.3415000000E+01    0.9889447642E+00    0.9988403266E+00    0.1010006183E+01
    0.3425000000E+01    0.9904554260E+00    0.1000366155E+01    0.1010006234E+01
    0.3435000000E+01    0.9901400956E+00    0.1000047672E+01    0.1010006237E+01
    0.3445000000E+01    0.9916485451E+00    0.1001571450E+01    0.1010006473E+01
    0.3455000000E+01    0.9906826492E+00    0.1000595975E+01    0.1010006561E+01
    0.3465000000E+01    0.9889106519E+00    0.9988060589E+00    0.1010006371E+01
    0.3475000000E+01    0.9918980034E+00    0.1001823581E+01    0.1010006651E+01
    0.3485000000E+01    0.9912397524E+00    0.1001158919E+01    0.1010006828E+01
    0.3495000000E+01    0.9907517736E+00    0.1000666156E+01    0.1010006929E+01
    0.3505000000E+01    0.9888674070E+00    0.9987627343E+00    0.1010006728E+01
    0.3515000000E+01    0.9901619660E+00    0.1000070254E+01    0.1010006735E+01
    0.3525000000E+01    0.9864577606E+00    0.9963283955E+00    0.1010006140E+01
    0.3535000000E+01    0.9911275770E+00    0.1001045102E+01    0.1010006305E+01
    0.3545000000E+01    0.9904586115E+00    0.1000369497E+01    0.1010006360E+01
    0.3555000000E+01    0.9876469734E+00    0.9975293215E+00    0.1010005952E+01
    0.3565000000E+01    0.9904472851E+00    0.1000357707E+01    0.1010006006E+01
    0.3575000000E+01    0.9898813617E+00    0.9997860810E+00    0.1010005966E+01
    0.3585000000E+01    0.9894751961E+00    0.9993757440E+00    0.1010005858E+01
    0.3595000000E+01    0.9918570063E+00    0.1001781677E+01    0.1010006151E+01
    0.3605000000E+01    0.9912395037E+00    0.1001158184E+01    0.1010006341E+01
    0.3615000000E+01    0.9889627469E+00    0.9988584499E+00    0.1010006143E+01
    0.3625000000E+01    0.9920422466E+00    0.1001969091E+01    0.1010006474E+01
    0.3635000000E+01    0.9896307388E+00    0.9995333690E+00    0.1010006389E+01
    0.3645000000E+01    0.9907784758E+00    0.1000692704E+01    0.1010006504E+01
    0.3655000000E+01    0.9910817459E+00    0.1000999176E+01    0.1010006672E+01
    0.3665000000E+01    0.9888631678E+00    0.9987581785E+00    0.1010006451E+01
    0.3675000000E+01    0.9929568572E+00    0.1002893329E+01    0.1010006952E+01
    0.3685000000E+01    0.9899072426E+00    0.9998131600E+00    0.1010006915E+01
    0.3695000000E+01    0.9901753639E+00    0.1000083974E+01    0.1010006925E+01
    0.3705000000E+01    0.9913138938E+00    0.1001234110E+01    0.1010007140E+01
    0.3715000000E+01    0.9899307432E+00    0.9998370848E+00    0.1010007106E+01
    0.3725000000E+01    0.9892363421E+00    0.9991355762E+00    0.1010006945E+01
    0.3735000000E+01    0.9901727352E+00    0.1000081349E+01    0.1010006955E+01
    0.3745000000E+01    0.9888670331E+00    0.9987623537E+00    0.1010006725E+01
    0.3755000000E+01    0.9873741908E+00    0.9972540721E+00    0.1010006218E+01
    0.3765000000E+01    0.9909583677E+00    0.1000874268E+01    0.1010006374E+01
    0.3775000000E+01    0.9911887899E+00    0.1001107194E+01    0.1010006574E+01
    0.3785000000E+01    0.9887726168E+00    0.9986665928E+00    0.1010006321E+01
    0.3795000000E+01    0.9920620938E+00    0.1001989350E+01    0.1010006688E+01
    0.3805000000E+01    0.9888253703E+00    0.9987199943E+00    0.1010006442E+01
    0.3815000000E+01    0.9899918598E+00    0.9998981323E+00    0.1010006418E+01
    0.3825000000E+01    0.9899294560E+00    0.9998350680E+00    0.1010006382E+01
    0.3835000000E+01    0.9905374170E+00    0.1000449193E+01    0.1010006463E+01
    0.3845000000E+01    0.9861899354E+00    0.9960574560E+00    0.1010005700E+01
    0.3855000000E+01    0.9897191812E+00    0.9996219371E+00    0.1010005622E+01
    0.3865000000E+01    0.9891157152E+00    0.9990122382E+00    0.1010005425E+01
    0.3875000000E+01    0.9904656180E+00    0.1000375715E+01    0.1010005493E+01
    0.3885000000E+01    0.9897690486E+00    0.9996721075E+00    0.1010005424E+01
    0.3895000000E+01    0.9884869285E+00    0.9983768375E+00    0.1010005098E+01
    0.3905000000E+01    0.9909633323E+00    0.1000878186E+01    0.1010005268E+01
    0.3915000000E+01    0.9896801854E+00    0.9995821129E+00    0.1010005179E+01
    0.3925000000E+01    0.9910342340E+00    0.1000949893E+01    0.1010005365E+01
    0.3935000000E+01    0.9904264866E+00    0.1000336127E+01    0.1010005427E+01
    0.3945000000E+01    0.9901427102E+00    0.1000049516E+01    0.1010005432E+01
    0.3955000000E+01    0.9899745232E+00    0.9998796167E+00    0.1010005402E+01
    0.3965000000E+01    0.9912689744E+00    0.1001187255E+01    0.1010005640E+01
    0.3975000000E+01    0.9887733466E+00    0.9986663806E+00    0.1010005361E+01
    0.3985000000E+01    0.9893050105E+00    0.9992031956E+00    0.1010005191E+01
    0.3995000000E+01    0.9886626083E+00    0.9985540635E+00    0.1010004884E+01
    0.4005000000E+01    0.9900829379E+00    0.9999885957E+00    0.1010004877E+01
    0.4015000000E+01    0.9896648273E+00    0.9995662066E+00    0.1010004780E+01
    0.4025000000E+01    0.9917700568E+00    0.1001692848E+01    0.1010005133E+01
    0.4035000000E+01    0.9896359217E+00    0.9995372581E+00    0.1010005029E+01
    0.4045000000E+01    0.9892134716E+00    0.9991103883E+00    0.1010004834E+01
    0.4055000000E+01    0.9883558946E+00    0.9982438536E+00    0.1010004452E+01
    0.4065000000E+01    0.9905389420E+00    0.1000448832E+01    0.1010004543E+01
    0.4075000000E+01    0.9902374039E+00    0.1000144303E+01    0.1010004569E+01
    0.4085000000E+01    0.9907255898E+00    0.1000637505E+01    0.1010004703E+01
    0.4095000000E+01    0.9916103964E+00    0.1001531491E+01    0.1010005033E+01
    0.4105000000E+01    0.9900611597E+00    0.9999667419E+00    0.1010005020E+01
    0.4115000000E+01    0.9888427916E+00    0.9987359020E+00    0.1010004735E+01
    0.4125000000E+01    0.9899601135E+00    0.9998643672E+00    0.1010004700E+01
    0.4135000000E+01    0.9897293516E+00    0.9996312096E+00    0.1010004612E+01
    0.4145000000E+01    0.9908423079E+00    0.1000755463E+01    0.1010004776E+01
    0.4155000000E+01    0.9894011683E+00    0.9992997437E+00    0.1010004613E+01
    0.4165000000E+01    0.9894794897E+00    0.9993787038E+00    0.1010004466E+01
    0.4175000000E+01    0.9886713705E+00    0.9985621701E+00    0.1010004133E+01
    0.4185000000E+01    0.9899276861E+00    0.9998310103E+00    0.1010004088E+01
    0.4195000000E+01    0.9917874788E+00    0.1001709794E+01    0.1010004477E+01
    0.4205000000E+01    0.9897980084E+00    0.9997003456E+00    0.1010004402E+01
    0.4215000000E+01    0.9900033164E+00    0.9999076809E+00    0.1010004375E+01
    0.4225000000E+01    0.9908007949E+00    0.1000713298E+01    0.1010004536E+01
    0.4235000000E+01    0.9926409884E+00    0.1002572496E+01    0.1010005136E+01
    0.4245000000E+01    0.9894756635E+00    0.9993753501E+00    0.1010004982E+01
    0.4255000000E+01    0.9894786291E+00    0.9993781938E+00    0.1010004829E+01
    0.4265000000E+01    0.9902828854E+00    0.1000190536E+01    0.1010004869E+01
    0.4275000000E+01    0.9897695474E+00    0.9996719788E+00    0.1010004785E+01
    0.4285000000E+01    0.9897702879E+00    0.9996726430E+00    0.1010004700E+01
    0.4295000000E+01    0.9922501121E+00    0.1002177795E+01    0.1010005222E+01
    0.4305000000E+01    0.9894742690E+00    0.9993740224E+00    0.1010005064E+01
    0.4315000000E+01    0.9911816746E+00    0.1001098771E+01    0.1010005327E+01
    0.4325000000E+01    0.9895358624E+00    0.9994363496E+00    0.1010005183E+01
    0.4335000000E+01    0.9912549665E+00    0.1001172935E+01    0.1010005467E+01
    0.4345000000E+01    0.9889600207E+00    0.9988547407E+00    0.1010005177E+01
    0.4355000000E+01    0.9898788828E+00    0.9997827368E+00    0.1010005117E+01
    0.4365000000E+01    0.9902853571E+00    0.1000193320E+01    0.1010005160E+01
    0.4375000000E+01    0.9895724661E+00    0.9994731597E+00    0.1010005021E+01
    0.4385000000E+01    0.9909208751E+00    0.1000835263E+01    0.1010005227E+01
    0.4395000000E+01    0.9901494481E+00    0.1000056126E+01    0.1010005235E+01
    0.4405000000E+01    0.9892555006E+00    0.9991530149E+00    0.1010005013E+01
    0.4415000000E+01    0.9911158019E+00    0.1001032185E+01    0.1010005272E+01
    0.4425000000E+01    0.9908867801E+00    0.1000801071E+01    0.1010005473E+01
    0.4435000000E+01    0.9912864432E+00    0.1001205037E+01    0.1010005779E+01
    0.4445000000E+01    0.9907815304E+00    0.1000695245E+01    0.1010005954E+01
    0.4455000000E+01    0.9912626056E+00    0.1001181434E+01    0.1010006257E+01
    0.4465000000E+01    0.9902053724E+00    0.1000113646E+01    0.1010006281E+01
    0.4475000000E+01    0.9911474116E+00    0.1001065385E+01    0.1010006557E+01
    0.4485000000E+01    0.9893099520E+00    0.9992093249E+00    0.1010006341E+01
    0.4495000000E+01    0.9893289129E+00    0.9992282662E+00    0.1010006130E+01
    0.4505000000E+01    0.9911638088E+00    0.1001081804E+01    0.1010006413E+01
    0.4515000000E+01    0.9915800542E+00    0.1001502609E+01    0.1010006812E+01
    0.4525000000E+01    0.9898206668E+00    0.9997255364E+00    0.1010006731E+01
    0.4535000000E+01    0.9901948744E+00    0.1000103511E+01    0.1010006754E+01
    0.4545000000E+01    0.9900908182E+00    0.9999984067E+00    0.1010006747E+01
    0.4555000000E+01    0.9897627265E+00    0.9996669355E+00    0.1010006650E+01
    0.4565000000E+01    0.9915895823E+00    0.1001512479E+01    0.1010007060E+01
    0.4575000000E+01    0.9871826965E+00    0.9970606845E+00    0.1010006241E+01
    0.4585000000E+01    0.9911272905E+00    0.1001045031E+01    0.1010006525E+01
    0.4595000000E+01    0.9897265992E+00    0.9996302154E+00    0.1010006416E+01
    0.4605000000E+01    0.9892498023E+00    0.9991484050E+00    0.1010006171E+01
    0.4615000000E+01    0.9902336916E+00    0.1000142173E+01    0.1010006205E+01
    0.4625000000E+01    0.9909736134E+00    0.1000889742E+01    0.1010006451E+01
    0.4635000000E+01    0.9923085634E+00    0.1002238676E+01    0.1010007082E+01
    0.4645000000E+01    0.9894398687E+00    0.9993410817E+00    0.1010006887E+01
    0.4655000000E+01    0.9920907903E+00    0.1002019100E+01    0.1010007461E+01
    0.4665000000E+01    0.9905213588E+00    0.1000434080E+01    0.1010007580E+01
    0.4675000000E+01    0.9891070536E+00    0.9990053299E+00    0.1010007285E+01
    0.4685000000E+01    0.9909587534E+00    0.1000875807E+01    0.1010007534E+01
    0.4695000000E+01    0.9893805637E+00    0.9992816092E+00    0.1010007318E+01
    0.4705000000E+01    0.9910312176E+00    0.1000949052E+01    0.1010007590E+01
    0.4715000000E+01    0.9892052767E+00    0.9991045702E+00    0.1010007320E+01
    0.4725000000E+01    0.9904138356E+00    0.1000325313E+01    0.1010007410E+01
    0.4735000000E+01    0.9901542302E+00    0.1000063122E+01    0.1010007422E+01
    0.4745000000E+01    0.9896345352E+00    0.9995380830E+00    0.1010007278E+01
    0.4755000000E+01    0.9889995293E+00    0.9988963882E+00    0.1010006940E+01
    0.4765000000E+01    0.9892837089E+00    0.9991831615E+00    0.1010006687E+01
    0.4775000000E+01    0.9912038991E+00    0.1001122898E+01    0.1010007021E+01
    0.4785000000E+01    0.9905513658E+00    0.1000463968E+01    0.1010007156E+01
    0.4795000000E+01    0.9912304385E+00    0.1001150179E+01    0.1010007502E+01
    0.4805000000E+01    0.9909497055E+00    0.1000866894E+01    0.1010007761E+01
    0.4815000000E+01    0.9900164906E+00    0.9999243100E+00    0.1010007732E+01
    0.4825000000E+01    0.9897316001E+00    0.9996364505E+00    0.1010007613E+01
    0.4835000000E+01    0.9898972189E+00    0.9998036598E+00    0.1010007545E+01
    0.4845000000E+01    0.9902269916E+00    0.1000136769E+01    0.1010007581E+01
    0.4855000000E+01    0.9888057827E+00    0.9987009271E+00    0.1010007167E+01
    0.4865000000E+01    0.9891606771E+00    0.9990590729E+00    0.1010006863E+01
    0.4875000000E+01    0.9909106789E+00    0.1000826840E+01    0.1010007119E+01
    0.4885000000E+01    0.9899251564E+00    0.9998313956E+00    0.1010007059E+01
    0.4895000000E+01    0.9898371158E+00    0.9997423860E+00    0.1010006970E+01
    0.4905000000E+01    0.9903589800E+00    0.1000269552E+01    0.1010007050E+01
    0.4915000000E+01    0.9886909443E+00    0.9985843659E+00    0.1010006587E+01
    0.4925000000E+01    0.9900558728E+00    0.9999629343E+00    0.1010006568E+01
    0.4935000000E+01    0.9896246395E+00    0.9995272271E+00    0.1010006408E+01
    0.4945000000E+01    0.9904819648E+00    0.1000393252E+01    0.1010006530E+01
    0.4955000000E+01    0.9893855038E+00    0.9992855806E+00    0.1010006288E+01
    0.4965000000E+01    0.9902625779E+00    0.1000171480E+01    0.1010006338E+01
    0.4975000000E+01    0.9915526516E+00    0.1001474941E+01    0.1010006820E+01
    0.4985000000E+01    0.9904042671E+00    0.1000315162E+01    0.1010006918E+01
    0.4995000000E+01    0.9897410189E+00    0.9996451524E+00    0.1010006793E+01
    0.5005000000E+01    0.9885829247E+00    0.9984749570E+00    0.1010006275E+01
    0.5015000000E+01    0.9893393385E+00    0.9992386793E+00    0.1010006012E+01
    0.5025000000E+01    0.9880343863E+00    0.9979199677E+00    0.1010005301E+01
    0.5035000000E+01    0.9894194729E+00    0.9993186768E+00    0.1010005063E+01
    0.5045000000E+01    0.9902325176E+00    0.1000139897E+01    0.1010005104E+01
    0.5055000000E+01    0.9905658331E+00    0.1000476702E+01    0.1010005260E+01
    0.5065000000E+01    0.9902414689E+00    0.1000149137E+01    0.1010005305E+01
    0.5075000000E+01    0.9899587806E+00    0.9998635665E+00    0.1010005251E+01
    0.5085000000E+01    0.9896569763E+00    0.9995585842E+00    0.1010005091E+01
    0.5095000000E+01    0.9899394788E+00    0.9998438525E+00    0.1010005030E+01
    0.5105000000E+01    0.9894546599E+00    0.9993539524E+00    0.1010004796E+01
    0.5115000000E+01    0.9905943784E+00    0.1000505243E+01    0.1010004967E+01
    0.5125000000E+01    0.9894597729E+00    0.9993590547E+00    0.1010004734E+01
    0.5135000000E+01    0.9904957325E+00    0.1000405514E+01    0.1010004871E+01
    0.5145000000E+01    0.9901157030E+00    0.1000021684E+01    0.1010004872E+01
    0.5155000000E+01    0.9920245702E+00    0.1001950334E+01    0.1010005562E+01
    0.5165000000E+01    0.9882213051E+00    0.9981083366E+00    0.1010004876E+01
    0.5175000000E+01    0.9909339759E+00    0.1000848444E+01    0.1010005175E+01
    0.5185000000E+01    0.9889720814E+00    0.9988665071E+00    0.1010004757E+01
    0.5195000000E+01    0.9901958895E+00    0.1000102589E+01    0.1010004788E+01
    0.5205000000E+01    0.9896299407E+00    0.9995308016E+00    0.1010004609E+01
    0.5215000000E+01    0.9912523292E+00    0.1001169840E+01    0.1010005031E+01
    0.5225000000E+01    0.9900108674E+00    0.9999159196E+00    0.1010004993E+01
    0.5235000000E+01    0.9889529114E+00    0.9988469500E+00    0.1010004560E+01
    0.5245000000E+01    0.9896752478E+00    0.9995763502E+00    0.1010004395E+01
    0.5255000000E+01    0.9904739985E+00    0.1000383227E+01    0.1010004531E+01
    0.5265000000E+01    0.9899598869E+00    0.9998639140E+00    0.1010004473E+01
    0.5275000000E+01    0.9899919905E+00    0.9998962931E+00    0.1010004427E+01
    0.5285000000E+01    0.9913917878E+00    0.1001310578E+01    0.1010004915E+01
    0.5295000000E+01    0.9893072238E+00    0.9992048529E+00    0.1010004606E+01
    0.5305000000E+01    0.9875312149E+00    0.9974100945E+00    0.1010003612E+01
    0.5315000000E+01    0.9894384196E+00    0.9993361197E+00    0.1010003351E+01
    0.5325000000E+01    0.9886613793E+00    0.9985507490E+00    0.1010002788E+01
    0.5335000000E+01    0.9894144532E+00    0.9993110858E+00    0.1010002515E+01
    0.5345000000E+01    0.9884786456E+00    0.9983652849E+00    0.1010001874E+01
    0.5355000000E+01    0.9891530100E+00    0.9990460201E+00    0.1010001496E+01
    0.5365000000E+01    0.9900712886E+00    0.9999734654E+00    0.1010001479E+01
    0.5375000000E+01    0.9912096019E+00    0.1001123593E+01    0.1010001912E+01
    0.5385000000E+01    0.9909644123E+00    0.1000876286E+01    0.1010002249E+01
    0.5395000000E+01    0.9925650979E+00    0.1002493953E+01    0.1010003228E+01
    0.5405000000E+01    0.9918695068E+00    0.1001792102E+01    0.1010003932E+01
    0.5415000000E+01    0.9909825808E+00    0.1000896650E+01    0.1010004282E+01
    0.5425000000E+01    0.9891733918E+00    0.9990689854E+00    0.1010003902E+01
    0.5435000000E+01    0.9897469196E+00    0.9996481035E+00    0.1010003753E+01
    0.5445000000E+01    0.9903025163E+00    0.1000209334E+01    0.1010003830E+01
    0.5455000000E+01    0.9888673737E+00    0.9987593306E+00    0.1010003320E+01
    0.5465000000E+01    0.9907594029E+00    0.1000670549E+01    0.1010003585E+01
    0.5475000000E+01    0.9912918570E+00    0.1001208812E+01    0.1010004072E+01
    0.5485000000E+01    0.9883180847E+00    0.9982045547E+00    0.1010003328E+01
    0.5495000000E+01    0.9915955325E+00    0.1001515399E+01    0.1010003944E+01
    0.5505000000E+01    0.9896179588E+00    0.9995178371E+00    0.1010003738E+01
    0.5515000000E+01    0.9910674422E+00    0.1000982217E+01    0.1010004138E+01
    0.5525000000E+01    0.9913460731E+00    0.1001264151E+01    0.1010004657E+01
    0.5535000000E+01    0.9912100690E+00    0.1001127246E+01    0.1010005121E+01
    0.5545000000E+01    0.9915679232E+00    0.1001489293E+01    0.1010005739E+01
    0.5555000000E+01    0.9898719545E+00    0.9997762541E+00    0.1010005637E+01
    0.5565000000E+01    0.9898719630E+00    0.9997761613E+00    0.1010005535E+01
    0.5575000000E+01    0.9882342172E+00    0.9981212321E+00    0.1010004728E+01
    0.5585000000E+01    0.9915722884E+00    0.1001493324E+01    0.1010005358E+01
    0.5595000000E+01    0.9906855116E+00    0.1000597921E+01    0.1010005607E+01
    0.5605000000E+01    0.9913600056E+00    0.1001279702E+01    0.1010006150E+01
    0.5615000000E+01    0.9893846828E+00    0.9992843006E+00    0.1010005833E+01
    0.5625000000E+01    0.9893427833E+00    0.9992416487E+00    0.1010005496E+01
    0.5635000000E+01    0.9900619736E+00    0.9999680135E+00    0.1010005475E+01
    0.5645000000E+01    0.9885970048E+00    0.9984877256E+00    0.1010004806E+01
    0.5655000000E+01    0.9889268570E+00    0.9988203581E+00    0.1010004280E+01
    0.5665000000E+01    0.9892542325E+00    0.9991506308E+00    0.1010003898E+01
    0.5675000000E+01    0.9916202771E+00    0.1001541014E+01    0.1010004572E+01
    0.5685000000E+01    0.9905462899E+00    0.1000456475E+01    0.1010004767E+01
    0.5695000000E+01    0.9899178492E+00    0.9998216600E+00    0.1010004680E+01
    0.5705000000E+01    0.9906801374E+00    0.1000591829E+01    0.1010004937E+01
    0.5715000000E+01    0.9901970585E+00    0.1000103956E+01    0.1010004976E+01
    0.5725000000E+01    0.9910498639E+00    0.1000965718E+01    0.1010005403E+01
    0.5735000000E+01    0.9901110403E+00    0.1000017501E+01    0.1010005403E+01
    0.5745000000E+01    0.9889111777E+00    0.9988050878E+00    0.1010004852E+01
    0.5755000000E+01    0.9893654620E+00    0.9992635765E+00    0.1010004508E+01
    0.5765000000E+01    0.9890749218E+00    0.9989696546E+00    0.1010004028E+01
    0.5775000000E+01    0.9913762288E+00    0.1001294567E+01    0.1010004615E+01
    0.5785000000E+01    0.9909656432E+00    0.1000880268E+01    0.1010005014E+01
    0.5795000000E+01    0.9905275705E+00    0.1000438006E+01    0.1010005209E+01
    0.5805000000E+01    0.9893366820E+00    0.9992348421E+00    0.1010004845E+01
    0.5815000000E+01    0.9915013151E+00    0.1001421783E+01    0.1010005502E+01
    0.5825000000E+01    0.9906025389E+00    0.1000514245E+01    0.1010005735E+01
    0.5835000000E+01    0.9913094883E+00    0.1001228834E+01    0.1010006306E+01
    0.5845000000E+01    0.9900209810E+00    0.9999273916E+00    0.1010006263E+01
    0.5855000000E+01    0.9889465150E+00    0.9988416223E+00    0.1010005705E+01
    0.5865000000E+01    0.9907427167E+00    0.1000656098E+01    0.1010006010E+01
    0.5875000000E+01    0.9898083422E+00    0.9997122298E+00    0.1010005864E+01
    0.5885000000E+01    0.9899315420E+00    0.9998365765E+00    0.1010005777E+01
    0.5895000000E+01    0.9911186939E+00    0.1001036094E+01    0.1010006269E+01
    0.5905000000E+01    0.9892174146E+00    0.9991153582E+00    0.1010005832E+01
    0.5915000000E+01    0.9895284029E+00    0.9994291755E+00    0.1010005547E+01
    0.5925000000E+01    0.9888122855E+00    0.9987052602E+00    0.1010004907E+01
    0.5935000000E+01    0.9901267958E+00    0.1000032930E+01    0.1010004915E+01
    0.5945000000E+01    0.9890606758E+00    0.9989556275E+00    0.1010004393E+01
    0.5955000000E+01    0.9905298257E+00    0.1000439682E+01    0.1010004602E+01
    0.5965000000E+01    0.9894204091E+00    0.9993188240E+00    0.1010004256E+01
    0.5975000000E+01    0.9911434934E+00    0.1001059661E+01    0.1010004775E+01
    0.5985000000E+01    0.9898237147E+00    0.9997265344E+00    0.1010004630E+01
    0.5995000000E+01    0.9891016903E+00    0.9989967809E+00    0.1010004119E+01
    0.6005000000E+01    0.9910195665E+00    0.1000934301E+01    0.1010004580E+01
    0.6015000000E+01    0.9905353599E+00    0.1000445465E+01    0.1010004797E+01
    0.6025000000E+01    0.9902747659E+00    0.1000182347E+01    0.1010004881E+01
    0.6035000000E+01    0.9902355711E+00    0.1000142824E+01    0.1010004945E+01
    0.6045000000E+01    0.9897152022E+00    0.9996170464E+00    0.1010004741E+01
    0.6055000000E+01    0.9895081379E+00    0.9994076016E+00    0.1010004429E+01
    0.6065000000E+01    0.9893193461E+00    0.9992165136E+00    0.1010004017E+01
    0.6075000000E+01    0.9906179421E+00    0.1000528363E+01    0.1010004281E+01
    0.6085000000E+01    0.9891526104E+00    0.9990478746E+00    0.1010003779E+01
    0.6095000000E+01    0.9909090499E+00    0.1000822301E+01    0.1010004199E+01
    0.6105000000E+01    0.9906304737E+00    0.1000541210E+01    0.1010004473E+01
    0.6115000000E+01    0.9902499659E+00    0.1000156968E+01    0.1010004547E+01
    0.6125000000E+01    0.9886128069E+00    0.9985026419E+00    0.1010003750E+01
    0.6135000000E+01    0.9898658558E+00    0.9997680962E+00    0.1010003618E+01
    0.6145000000E+01    0.9914444047E+00    0.1001363145E+01    0.1010004333E+01
    0.6155000000E+01    0.9900009294E+00    0.9999051699E+00    0.1010004274E+01
    0.6165000000E+01    0.9900733200E+00    0.9999782646E+00    0.1010004254E+01
    0.6175000000E+01    0.9901750430E+00    0.1000081040E+01    0.1010004288E+01
    0.6185000000E+01    0.9896703988E+00    0.9995711097E+00    0.1010004049E+01
    0.6195000000E+01    0.9912742269E+00    0.1001191613E+01    0.1010004684E+01
    0.6205000000E+01    0.9898708904E+00    0.9997741061E+00    0.1010004553E+01
    0.6215000000E+01    0.9906748091E+00    0.1000586375E+01    0.1010004864E+01
    0.6225000000E+01    0.9893692457E+00    0.9992673449E+00    0.1010004454E+01
    0.6235000000E+01    0.9903657915E+00    0.1000274001E+01    0.1010004596E+01
    0.6245000000E+01    0.9898780560E+00    0.9997812578E+00    0.1010004466E+01
    0.6255000000E+01    0.9897848872E+00    0.9996869768E+00    0.1010004284E+01
    0.6265000000E+01    0.9893284738E+00    0.9992255633E+00    0.1010003846E+01
    0.6275000000E+01    0.9904050689E+00    0.1000313092E+01    0.1010004011E+01
    0.6285000000E+01    0.9890523429E+00    0.9989462421E+00    0.1010003413E+01
    0.6295000000E+01    0.9909543965E+00    0.1000867797E+01    0.1010003891E+01
    0.6305000000E+01    0.9902949139E+00    0.1000201820E+01    0.1010003996E+01
    0.6315000000E+01    0.9911257878E+00    0.1001041581E+01    0.1010004576E+01
    0.6325000000E+01    0.9911982169E+00    0.1001115354E+01    0.1010005200E+01
    0.6335000000E+01    0.9892086630E+00    0.9991053807E+00    0.1010004682E+01
    0.6345000000E+01    0.9897452294E+00    0.9996471066E+00    0.1010004471E+01
    0.6355000000E+01    0.9902126186E+00    0.1000119231E+01    0.1010004530E+01
    0.6365000000E+01    0.9891627041E+00    0.9990582667E+00    0.1010003979E+01
    0.6375000000E+01    0.9899760547E+00    0.9998796761E+00    0.1010003900E+01
    0.6385000000E+01    0.9892324946E+00    0.9991281679E+00    0.1010003385E+01
    0.6395000000E+01    0.9901413338E+00    0.1000046116E+01    0.1010003403E+01
    0.6405000000E+01    0.9906470215E+00    0.1000557176E+01    0.1010003719E+01
    0.6415000000E+01    0.9904411804E+00    0.1000349470E+01    0.1010003915E+01
    0.6425000000E+01    0.9907918319E+00    0.1000704031E+01    0.1010004321E+01
    0.6435000000E+01    0.9901929032E+00    0.1000099160E+01    0.1010004370E+01
    0.6445000000E+01    0.9899729763E+00    0.9998769511E+00    0.1010004288E+01
    0.6455000000E+01    0.9903341854E+00    0.1000241907E+01    0.1010004423E+01
    0.6465000000E+01    0.9904991844E+00    0.1000408790E+01    0.1010004658E+01
    0.6475000000E+01    0.9906408021E+00    0.1000552144E+01    0.1010004980E+01
    0.6485000000E+01    0.9895986959E+00    0.9994993035E+00    0.1010004669E+01
    0.6495000000E+01    0.9904317383E+00    0.1000340875E+01    0.1010004866E+01
    0.6505000000E+01    0.9905874691E+00    0.1000498454E+01    0.1010005159E+01
    0.6515000000E+01    0.9908065105E+00    0.1000720112E+01    0.1010005588E+01
    0.6525000000E+01    0.9891697310E+00    0.9990663823E+00    0.1010005008E+01
    0.6535000000E+01    0.9899738750E+00    0.9998784886E+00    0.1010004924E+01
    0.6545000000E+01    0.9910589631E+00    0.1000975019E+01    0.1010005515E+01
    0.6555000000E+01    0.9910377067E+00    0.1000954124E+01    0.1010006095E+01
    0.6565000000E+01    0.9905673585E+00    0.1000479355E+01    0.1010006383E+01
    0.6575000000E+01    0.9896386265E+00    0.9995410377E+00    0.1010006088E+01
    0.6585000000E+01    0.9900827117E+00    0.9999895506E+00    0.1010006072E+01
    0.6595000000E+01    0.9902515806E+00    0.1000160199E+01    0.1010006163E+01
    0.6605000000E+01    0.9902549593E+00    0.1000163704E+01    0.1010006256E+01
    0.6615000000E+01    0.9893632434E+00    0.9992625955E+00    0.1010005781E+01
    0.6625000000E+01    0.9912993407E+00    0.1001218821E+01    0.1010006544E+01
    0.6635000000E+01    0.9888302260E+00    0.9987241872E+00    0.1010005723E+01
    0.6645000000E+01    0.9890124952E+00    0.9989075807E+00    0.1010005016E+01
    0.6655000000E+01    0.9901895901E+00    0.1000096504E+01    0.1010005068E+01
    0.6665000000E+01    0.9895366444E+00    0.9994366576E+00    0.1010004696E+01
    0.6675000000E+01    0.9882355048E+00    0.9981212924E+00    0.1010003473E+01
    0.6685000000E+01    0.9909465932E+00    0.1000860044E+01    0.1010004021E+01
    0.6695000000E+01    0.9895483594E+00    0.9994474568E+00    0.1010003652E+01
    0.6705000000E+01    0.9903088973E+00    0.1000215733E+01    0.1010003783E+01
    0.6715000000E+01    0.9907064877E+00    0.1000617692E+01    0.1010004178E+01
    0.6725000000E+01    0.9920841133E+00    0.1002010401E+01    0.1010005490E+01
    0.6735000000E+01    0.9915903005E+00    0.1001512627E+01    0.1010006478E+01
    0.6745000000E+01    0.9902028122E+00    0.1000111318E+01    0.1010006542E+01
    0.6755000000E+01    0.9909958028E+00    0.1000912835E+01    0.1010007139E+01
    0.6765000000E+01    0.9899429571E+00    0.9998493441E+00    0.1010007028E+01
    0.6775000000E+01    0.9901171446E+00    0.1000025282E+01    0.1010007035E+01
    0.6785000000E+01    0.9901152423E+00    0.1000023366E+01    0.1010007041E+01
    0.6795000000E+01    0.9890638219E+00    0.9989607213E+00    0.1010006330E+01
    0.6805000000E+01    0.9904645479E+00    0.1000375705E+01    0.1010006575E+01
    0.6815000000E+01    0.9884055837E+00    0.9982949837E+00    0.1010005407E+01
    0.6825000000E+01    0.9895837800E+00    0.9994846108E+00    0.1010005046E+01
    0.6835000000E+01    0.9899449304E+00    0.9998492625E+00    0.1010004932E+01
    0.6845000000E+01    0.9905238007E+00    0.1000434210E+01    0.1010005220E+01
    0.6855000000E+01    0.9900365849E+00    0.9999420697E+00    0.1010005171E+01
    0.6865000000E+01    0.9887798069E+00    0.9986717994E+00    0.1010004242E+01
    0.6875000000E+01    0.9891890194E+00    0.9990844673E+00    0.1010003597E+01
    0.6885000000E+01    0.9905877330E+00    0.1000497506E+01    0.1010003933E+01
    0.6895000000E+01    0.9892608204E+00    0.9991567263E+00    0.1010003333E+01
    0.6905000000E+01    0.9905208787E+00    0.1000429678E+01    0.1010003625E+01
    0.6915000000E+01    0.9904263895E+00    0.1000334467E+01    0.1010003850E+01
    0.6925000000E+01    0.9880993601E+00    0.9979827395E+00    0.1010002415E+01
    0.6935000000E+01    0.9895167066E+00    0.9994138415E+00    0.1010001989E+01
    0.6945000000E+01    0.9895795851E+00    0.9994769705E+00    0.1010001606E+01
    0.6955000000E+01    0.9904040680E+00    0.1000309909E+01    0.1010001817E+01
    0.6965000000E+01    0.9909221494E+00    0.1000833754E+01    0.1010002405E+01
    0.6975000000E+01    0.9890576385E+00    0.9989498359E+00    0.1010001639E+01
    0.6985000000E+01    0.9886709398E+00    0.9985582304E+00    0.1010000588E+01
    0.6995000000E+01    0.9907965164E+00    0.1000705560E+01    0.1010001089E+01
    0.7005000000E+01    0.9900533619E+00    0.9999549306E+00    0.1010001046E+01
    0.7015000000E+01    0.9911398507E+00    0.1001053037E+01    0.1010001803E+01
    0.7025000000E+01    0.9888875752E+00    0.9987773387E+00    0.1010000898E+01
    0.7035000000E+01    0.9892336368E+00    0.9991262157E+00    0.1010000245E+01
    0.7045000000E+01    0.9899753967E+00    0.9998752920E+00    0.1010000143E+01
    0.7055000000E+01    0.9906841087E+00    0.1000591515E+01    0.1010000570E+01
    0.7065000000E+01    0.9904872149E+00    0.1000392930E+01    0.1010000851E+01
    0.7075000000E+01    0.9907862483E+00    0.1000695458E+01    0.1010001359E+01
    0.7085000000E+01    0.9901710663E+00    0.1000074167E+01    0.1010001404E+01
    0.7095000000E+01    0.9908612741E+00    0.1000771842E+01    0.1010001973E+01
    0.7105000000E+01    0.9897243081E+00    0.9996232125E+00    0.1010001679E+01
    0.7115000000E+01    0.9901697081E+00    0.1000073111E+01    0.1010001723E+01
    0.7125000000E+01    0.9897084012E+00    0.9996068850E+00    0.1010001414E+01
    0.7135000000E+01    0.9906930479E+00    0.1000601823E+01    0.1010001862E+01
    0.7145000000E+01    0.9894485413E+00    0.9993443627E+00    0.1010001350E+01
    0.7155000000E+01    0.9898227791E+00    0.9997221218E+00    0.1010001126E+01
    0.7165000000E+01    0.9902158131E+00    0.1000119167E+01    0.1010001207E+01
    0.7175000000E+01    0.9906387241E+00    0.1000546715E+01    0.1010001619E+01
    0.7185000000E+01    0.9908477363E+00    0.1000758390E+01    0.1010002196E+01
    0.7195000000E+01    0.9899778998E+00    0.9998797494E+00    0.1010002092E+01
    0.7205000000E+01    0.9892029053E+00    0.9990962947E+00    0.1010001375E+01
    0.7215000000E+01    0.9892631535E+00    0.9991564811E+00    0.1010000704E+01
    0.7225000000E+01    0.9895573395E+00    0.9994531729E+00    0.1010000263E+01
    0.7235000000E+01    0.9906074695E+00    0.1000514196E+01    0.1010000658E+01
    0.7245000000E+01    0.9905295290E+00    0.1000435807E+01    0.1010000992E+01
    0.7255000000E+01    0.9889119483E+00    0.9988010955E+00    0.1010000028E+01
    0.7265000000E+01    0.9908577147E+00    0.1000766915E+01    0.1010000629E+01
    0.7275000000E+01    0.9898967311E+00    0.9997961484E+00    0.1010000455E+01
    0.7285000000E+01    0.9896255165E+00    0.9995218305E+00    0.1010000060E+01
    0.7295000000E+01    0.9903498652E+00    0.1000253614E+01    0.1010000253E+01
    0.7305000000E+01    0.9892252295E+00    0.9991170145E+00    0.1009999528E+01
    0.7315000000E+01    0.9909052289E+00    0.1000814457E+01    0.1010000178E+01
    0.7325000000E+01    0.9906712914E+00    0.1000578636E+01    0.1010000638E+01
    0.7335000000E+01    0.9899201085E+00    0.9998197841E+00    0.1010000479E+01
    0.7345000000E+01    0.9894116065E+00    0.9993056222E+00    0.1009999899E+01
    0.7355000000E+01    0.9892080060E+00    0.9990992412E+00    0.1009999146E+01
    0.7365000000E+01    0.9901411212E+00    0.1000041710E+01    0.1009999169E+01
    0.7375000000E+01    0.9896518300E+00    0.9995471433E+00    0.1009998782E+01
    0.7385000000E+01    0.9914130103E+00    0.1001327017E+01    0.1009999875E+01
    0.7395000000E+01    0.9901219538E+00    0.1000023058E+01    0.1009999883E+01
    0.7405000000E+01    0.9908566062E+00    0.1000765681E+01    0.1010000513E+01
    0.7415000000E+01    0.9891264531E+00    0.9990173971E+00    0.1009999676E+01
    0.7425000000E+01    0.9898593558E+00    0.9997574147E+00    0.1009999460E+01
    0.7435000000E+01    0.9897448548E+00    0.9996414569E+00    0.1009999145E+01
    0.7445000000E+01    0.9904447242E+00    0.1000348607E+01    0.1009999430E+01
    0.7455000000E+01    0.9894485763E+00    0.9993419312E+00    0.1009998857E+01
    0.7465000000E+01    0.9897148920E+00    0.9996105685E+00    0.1009998512E+01
    0.7475000000E+01    0.9884657396E+00    0.9983475123E+00    0.1009997082E+01
    0.7485000000E+01    0.9889414039E+00    0.9988269206E+00    0.1009996059E+01
    0.7495000000E+01    0.9885138339E+00    0.9983936918E+00    0.1009994658E+01
    0.7505000000E+01    0.9900030461E+00    0.9998976889E+00    0.1009994558E+01
    0.7515000000E+01    0.9898722224E+00    0.9997653439E+00    0.1009994342E+01
    0.7525000000E+01    0.9902175431E+00    0.1000114203E+01    0.1009994430E+01
    0.7535000000E+01    0.9907234713E+00    0.1000625720E+01    0.1009994967E+01
    0.7545000000E+01    0.9899851949E+00    0.9998799485E+00    0.1009994850E+01
    0.7555000000E+01    0.9904995858E+00    0.1000399819E+01    0.1009995192E+01
    0.7565000000E+01    0.9903268741E+00    0.1000225567E+01    0.1009995380E+01
    0.7575000000E+01    0.9909980101E+00    0.1000904197E+01    0.1009996172E+01
    0.7585000000E+01    0.9907710638E+00    0.1000675568E+01    0.1009996764E+01
    0.7595000000E+01    0.9911441355E+00    0.1001053293E+01    0.1009997696E+01
    0.7605000000E+01    0.9904055298E+00    0.1000307565E+01    0.1009997960E+01
    0.7615000000E+01    0.9901378469E+00    0.1000037227E+01    0.1009997982E+01
    0.7625000000E+01    0.9899677027E+00    0.9998652495E+00    0.1009997848E+01
    0.7635000000E+01    0.9888761456E+00    0.9987616548E+00    0.1009996711E+01
    0.7645000000E+01    0.9900536884E+00    0.9999509131E+00    0.1009996655E+01
    0.7655000000E+01    0.9894135116E+00    0.9993036945E+00    0.1009996005E+01
    0.7665000000E+01    0.9897561741E+00    0.9996494518E+00    0.1009995672E+01
    0.7675000000E+01    0.9908775049E+00    0.1000782694E+01    0.1009996381E+01
    0.7685000000E+01    0.9899570937E+00    0.9998529353E+00    0.1009996233E+01
    0.7695000000E+01    0.9893769470E+00    0.9992663038E+00    0.1009995540E+01
    0.7705000000E+01    0.9896700568E+00    0.9995619278E+00    0.1009995120E+01
    0.7715000000E+01    0.9904231528E+00    0.1000322838E+01    0.1009995410E+01
    0.7725000000E+01    0.9900041764E+00    0.9998995683E+00    0.1009995303E+01
    0.7735000000E+01    0.9894969964E+00    0.9993867358E+00    0.1009994714E+01
    0.7745000000E+01    0.9889529528E+00    0.9988361556E+00    0.1009993603E+01
    0.7755000000E+01    0.9902464703E+00    0.1000142722E+01    0.1009993726E+01
    0.7765000000E+01    0.9899356284E+00    0.9998286000E+00    0.1009993550E+01
    0.7775000000E+01    0.9902254626E+00    0.1000121433E+01    0.1009993654E+01
    0.7785000000E+01    0.9897020378E+00    0.9995923790E+00    0.1009993251E+01
    0.7795000000E+01    0.9900040475E+00    0.9998972968E+00    0.1009993140E+01
    0.7805000000E+01    0.9902817325E+00    0.1000177915E+01    0.1009993300E+01
    0.7815000000E+01    0.9916913590E+00    0.1001603154E+01    0.1009994839E+01
    0.7825000000E+01    0.9907546224E+00    0.1000657676E+01    0.1009995465E+01
    0.7835000000E+01    0.9901858076E+00    0.1000083244E+01    0.1009995534E+01
    0.7845000000E+01    0.9901738438E+00    0.1000071217E+01    0.1009995591E+01
    0.7855000000E+01    0.9906954654E+00    0.1000598622E+01    0.1009996166E+01
    0.7865000000E+01    0.9895606829E+00    0.9994519495E+00    0.1009995614E+01
    0.7875000000E+01    0.9902713235E+00    0.1000169847E+01    0.1009995769E+01
    0.7885000000E+01    0.9909138967E+00    0.1000819637E+01    0.1009996570E+01
    0.7895000000E+01    0.9896734338E+00    0.9995663337E+00    0.1009996126E+01
    0.7905000000E+01    0.9902798906E+00    0.1000179017E+01    0.1009996292E+01
    0.7915000000E+01    0.9896637682E+00    0.9995562833E+00    0.1009995834E+01
    0.7925000000E+01    0.9903965523E+00    0.1000296675E+01    0.1009996120E+01
    0.7935000000E+01    0.9901744854E+00    0.1000072448E+01    0.1009996181E+01
    0.7945000000E+01    0.9900520157E+00    0.9999486903E+00    0.1009996116E+01
    0.7955000000E+01    0.9911042587E+00    0.1001012459E+01    0.1009997132E+01
    0.7965000000E+01    0.9910402187E+00    0.1000948726E+01    0.1009998088E+01
    0.7975000000E+01    0.9901956141E+00    0.1000095761E+01    0.1009998173E+01
    0.7985000000E+01    0.9898992640E+00    0.9997962281E+00    0.1009997951E+01
    0.7995000000E+01    0.9903475144E+00    0.1000249202E+01    0.1009998195E+01
    0.8005000000E+01    0.9903248079E+00    0.1000226488E+01    0.1009998416E+01
    0.8015000000E+01    0.9891484732E+00    0.9990373897E+00    0.1009997404E+01
    0.8025000000E+01    0.9897183289E+00    0.9996125301E+00    0.1009996987E+01
    0.8035000000E+01    0.9900108670E+00    0.9999078844E+00    0.1009996878E+01
    0.8045000000E+01    0.9889819346E+00    0.9988674775E+00    0.1009995676E+01
    0.8055000000E+01    0.9900264363E+00    0.9999223258E+00    0.1009995581E+01
    0.8065000000E+01    0.9893716607E+00    0.9992602188E+00    0.1009994786E+01
    0.8075000000E+01    0.9899234435E+00    0.9998173117E+00    0.1009994579E+01
    0.8085000000E+01    0.9895063805E+00    0.9993954306E+00    0.1009993923E+01
    0.8095000000E+01    0.9894018876E+00    0.9992891290E+00    0.1009993150E+01
    0.8105000000E+01    0.9898800350E+00    0.9997717994E+00    0.1009992892E+01
    0.8115000000E+01    0.9910817712E+00    0.1000986583E+01    0.1009993940E+01
    0.8125000000E+01    0.9909588480E+00    0.1000863342E+01    0.1009994859E+01
    0.8135000000E+01    0.9899174695E+00    0.9998113395E+00    0.1009994641E+01
    0.8145000000E+01    0.9890866161E+00    0.9989710624E+00    0.1009993509E+01
    0.8155000000E+01    0.9893308796E+00    0.9992169085E+00    0.1009992642E+01
    0.8165000000E+01    0.9902172395E+00    0.1000112234E+01    0.1009992751E+01
    0.8175000000E+01    0.9904367108E+00    0.1000334249E+01    0.1009993105E+01
    0.8185000000E+01    0.9891156610E+00    0.9989988924E+00    0.1009991988E+01
    0.8195000000E+01    0.9906239781E+00    0.1000522840E+01    0.1009992553E+01
    0.8205000000E+01    0.9897065852E+00    0.9995958228E+00    0.1009992090E+01
    0.8215000000E+01    0.9898641181E+00    0.9997546457E+00    0.1009991803E+01
    0.8225000000E+01    0.9893566177E+00    0.9992412215E+00    0.1009990941E+01
    0.8235000000E+01    0.9906052721E+00    0.1000502897E+01    0.1009991492E+01
    0.8245000000E+01    0.9897927470E+00    0.9996818852E+00    0.1009991120E+01
    0.8255000000E+01    0.9892808578E+00    0.9991639332E+00    0.1009990161E+01
    0.8265000000E+01    0.9903514542E+00    0.1000245487E+01    0.1009990426E+01
    0.8275000000E+01    0.9914492053E+00    0.1001355722E+01    0.1009991956E+01
    0.8285000000E+01    0.9907346793E+00    0.1000634761E+01    0.1009992667E+01
    0.8295000000E+01    0.9905517841E+00    0.1000450536E+01    0.1009993170E+01
    0.8305000000E+01    0.9901025837E+00    0.9999968294E+00    0.1009993152E+01
    0.8315000000E+01    0.9892685548E+00    0.9991534854E+00    0.1009992161E+01
    0.8325000000E+01    0.9904201046E+00    0.1000316892E+01    0.1009992514E+01
    0.8335000000E+01    0.9907371665E+00    0.1000637843E+01    0.1009993242E+01
    0.8345000000E+01    0.9899667123E+00    0.9998595130E+00    0.1009993064E+01
    0.8355000000E+01    0.9908285421E+00    0.1000730789E+01    0.1009993906E+01
    0.8365000000E+01    0.9896788685E+00    0.9995691109E+00    0.1009993385E+01
    0.8375000000E+01    0.9900807918E+00    0.9999750076E+00    0.1009993342E+01
    0.8385000000E+01    0.9898843985E+00    0.9997763757E+00    0.1009993063E+01
    0.8395000000E+01    0.9897335774E+00    0.9996235909E+00    0.1009992602E+01
    0.8405000000E+01    0.9890072027E+00    0.9988886336E+00    0.1009991263E+01
    0.8415000000E+01    0.9898736190E+00    0.9997634123E+00    0.1009990966E+01
    0.8425000000E+01    0.9896337661E+00    0.9995205794E+00    0.1009990376E+01
    0.8435000000E+01    0.9892869742E+00    0.9991693187E+00    0.1009989361E+01
    0.8445000000E+01    0.9903864463E+00    0.1000280095E+01    0.1009989685E+01
    0.8455000000E+01    0.9906267688E+00    0.1000523433E+01    0.1009990306E+01
    0.8465000000E+01    0.9903725336E+00    0.1000266966E+01    0.1009990617E+01
    0.8475000000E+01    0.9891701909E+00    0.9990514502E+00    0.1009989443E+01
    0.8485000000E+01    0.9900621514E+00    0.9999522486E+00    0.1009989370E+01
    0.8495000000E+01    0.9895644364E+00    0.9994488761E+00    0.1009988677E+01
    0.8505000000E+01    0.9904378094E+00    0.1000331364E+01    0.1009989072E+01
    0.8515000000E+01    0.9887245790E+00    0.9985992889E+00    0.1009987321E+01
    0.8525000000E+01    0.9898624642E+00    0.9997482140E+00    0.1009986993E+01
    0.8535000000E+01    0.9892345306E+00    0.9991128990E+00    0.1009985871E+01
    0.8545000000E+01    0.9895112862E+00    0.9993916495E+00    0.1009985094E+01
    0.8555000000E+01    0.9901734966E+00    0.1000060533E+01    0.1009985156E+01
    0.8565000000E+01    0.9900076899E+00    0.9998929223E+00    0.1009985006E+01
    0.8575000000E+01    0.9905924987E+00    0.1000484163E+01    0.1009985604E+01
    0.8585000000E+01    0.9900315443E+00    0.9999174890E+00    0.1009985485E+01
    0.8595000000E+01    0.9896955331E+00    0.9995775745E+00    0.1009984931E+01
    0.8605000000E+01    0.9899472151E+00    0.9998315413E+00    0.1009984700E+01
    0.8615000000E+01    0.9896256005E+00    0.9995060727E+00    0.1009984051E+01
    0.8625000000E+01    0.9903935007E+00    0.1000281985E+01    0.1009984399E+01
    0.8635000000E+01    0.9907642987E+00    0.1000657313E+01    0.1009985235E+01
    0.8645000000E+01    0.9902791231E+00    0.1000167494E+01    0.1009985438E+01
    0.8655000000E+01    0.9891846941E+00    0.9990609105E+00    0.1009984199E+01
    0.8665000000E+01    0.9899674686E+00    0.9998512928E+00    0.1009983989E+01
    0.8675000000E+01    0.9892988556E+00    0.9991749179E+00    0.1009982891E+01
    0.8685000000E+01    0.9904625488E+00    0.1000350671E+01    0.1009983338E+01
    0.8695000000E+01    0.9900532430E+00    0.9999371814E+00    0.1009983239E+01
    0.8705000000E+01    0.9897439749E+00    0.9996243172E+00    0.1009982725E+01
    0.8715000000E+01    0.9886890914E+00    0.9985569877E+00    0.1009980788E+01
    0.8725000000E+01    0.9906151406E+00    0.1000502911E+01    0.1009981445E+01
    0.8735000000E+01    0.9896775760E+00    0.9995553828E+00    0.1009980833E+01
    0.8745000000E+01    0.9902956201E+00    0.1000179820E+01    0.1009981060E+01
    0.8755000000E+01    0.9897748485E+00    0.9996533718E+00    0.1009980576E+01
    0.8765000000E+01    0.9894147930E+00    0.9992887530E+00    0.1009979596E+01
    0.8775000000E+01    0.9888433561E+00    0.9987098615E+00    0.1009977824E+01
    0.8785000000E+01    0.9899488157E+00    0.9998261006E+00    0.1009977571E+01
    0.8795000000E+01    0.9905676405E+00    0.1000451698E+01    0.1009978175E+01
    0.8805000000E+01    0.9892157403E+00    0.9990850473E+00    0.1009976900E+01
    0.8815000000E+01    0.9905718899E+00    0.1000455334E+01    0.1009977514E+01
    0.8825000000E+01    0.9887978489E+00    0.9986617433E+00    0.1009975643E+01
    0.8835000000E+01    0.9891458920E+00    0.9990118831E+00    0.1009974253E+01
    0.8845000000E+01    0.9909525057E+00    0.1000837660E+01    0.1009975407E+01
    0.8855000000E+01    0.9912931710E+00    0.1001183352E+01    0.1009977049E+01
    0.8865000000E+01    0.9901808586E+00    0.1000060010E+01    0.1009977118E+01
    0.8875000000E+01    0.9903374940E+00    0.1000218497E+01    0.1009977410E+01
    0.8885000000E+01    0.9898160429E+00    0.9996913950E+00    0.1009976957E+01
    0.8895000000E+01    0.9908882186E+00    0.1000775344E+01    0.1009978044E+01
    0.8905000000E+01    0.9900595924E+00    0.9999383472E+00    0.1009977940E+01
    0.8915000000E+01    0.9900647515E+00    0.9999434618E+00    0.1009977843E+01
    0.8925000000E+01    0.9896193574E+00    0.9994928862E+00    0.1009977098E+01
    0.8935000000E+01    0.9898132291E+00    0.9996882310E+00    0.1009976632E+01
    0.8945000000E+01    0.9906617747E+00    0.1000546010E+01    0.1009977406E+01
    0.8955000000E+01    0.9909467519E+00    0.1000835017E+01    0.1009978604E+01
    0.8965000000E+01    0.9903076789E+00    0.1000189825E+01    0.1009978864E+01
    0.8975000000E+01    0.9907365419E+00    0.1000623856E+01    0.1009979762E+01
    0.8985000000E+01    0.9902063886E+00    0.1000088525E+01    0.1009979875E+01
    0.8995000000E+01    0.9906217217E+00    0.1000508730E+01    0.1009980609E+01
    0.9005000000E+01    0.9907062480E+00    0.1000594957E+01    0.1009981474E+01
    0.9015000000E+01    0.9895342280E+00    0.9994103548E+00    0.1009980581E+01
    0.9025000000E+01    0.9903272599E+00    0.1000211598E+01    0.1009980880E+01
    0.9035000000E+01    0.9892145034E+00    0.9990863657E+00    0.1009979496E+01
    0.9045000000E+01    0.9909220853E+00    0.1000812181E+01    0.1009980700E+01
    0.9055000000E+01    0.9905147250E+00    0.1000401338E+01    0.1009981289E+01
    0.9065000000E+01    0.9895026255E+00    0.9993781888E+00    0.1009980331E+01
    0.9075000000E+01    0.9900838912E+00    0.9999651869E+00    0.1009980261E+01
    0.9085000000E+01    0.9892025006E+00    0.9990735857E+00    0.1009978832E+01
    0.9095000000E+01    0.9894249296E+00    0.9992971533E+00    0.1009977739E+01
    0.9105000000E+01    0.9901540075E+00    0.1000033540E+01    0.1009977774E+01
    0.9115000000E+01    0.9900139350E+00    0.9998918883E+00    0.1009977590E+01
    0.9125000000E+01    0.9895284302E+00    0.9994006045E+00    0.1009976645E+01
    0.9135000000E+01    0.9900315460E+00    0.9999085823E+00    0.1009976486E+01
    0.9145000000E+01    0.9894962929E+00    0.9993669957E+00    0.1009975482E+01
    0.9155000000E+01    0.9898721049E+00    0.9997461465E+00    0.1009975068E+01
    0.9165000000E+01    0.9902961710E+00    0.1000174698E+01    0.1009975325E+01
    0.9175000000E+01    0.9898912246E+00    0.9997653284E+00    0.1009974938E+01
    0.9185000000E+01    0.9891800387E+00    0.9990455371E+00    0.1009973410E+01
    0.9195000000E+01    0.9900023484E+00    0.9998758356E+00    0.1009973196E+01
    0.9205000000E+01    0.9896302807E+00    0.9994992499E+00    0.1009972380E+01
    0.9215000000E+01    0.9899462374E+00    0.9998180520E+00    0.1009972071E+01
    0.9225000000E+01    0.9902114608E+00    0.1000086040E+01    0.1009972192E+01
    0.9235000000E+01    0.9908396579E+00    0.1000721637E+01    0.1009973339E+01
    0.9245000000E+01    0.9905678791E+00    0.1000447849E+01    0.1009974046E+01
    0.9255000000E+01    0.9895588566E+00    0.9994278250E+00    0.1009973099E+01
    0.9265000000E+01    0.9895321086E+00    0.9993998243E+00    0.1009972103E+01
    0.9275000000E+01    0.9901905102E+00    0.1000064879E+01    0.1009972191E+01
    0.9285000000E+01    0.9905614581E+00    0.1000440226E+01    0.1009972897E+01
    0.9295000000E+01    0.9901192826E+00    0.9999936122E+00    0.1009972869E+01
    0.9305000000E+01    0.9895231661E+00    0.9993905345E+00    0.1009971842E+01
    0.9315000000E+01    0.9902168455E+00    0.1000091264E+01    0.1009971976E+01
    0.9325000000E+01    0.9898629292E+00    0.9997333603E+00    0.1009971513E+01
    0.9335000000E+01    0.9901570819E+00    0.1000030479E+01    0.1009971546E+01
    0.9345000000E+01    0.9898376410E+00    0.9997073479E+00    0.1009971036E+01
    0.9355000000E+01    0.9892875002E+00    0.9991502853E+00    0.1009969584E+01
    0.9365000000E+01    0.9890397169E+00    0.9988981677E+00    0.1009967700E+01
    0.9375000000E+01    0.9896811541E+00    0.9995452153E+00    0.1009966908E+01
    0.9385000000E+01    0.9897556270E+00    0.9996197700E+00    0.1009966241E+01
    0.9395000000E+01    0.9910225212E+00    0.1000900802E+01    0.1009967766E+01
    0.9405000000E+01    0.9897638715E+00    0.9996289568E+00    0.1009967110E+01
    0.9415000000E+01    0.9897317915E+00    0.9995958483E+00    0.1009966394E+01
    0.9425000000E+01    0.9902456154E+00    0.1000114972E+01    0.1009966575E+01
    0.9435000000E+01    0.9900137046E+00    0.9998805262E+00    0.1009966348E+01
    0.9445000000E+01    0.9905251860E+00    0.1000397775E+01    0.1009967025E+01
    0.9455000000E+01    0.9896983130E+00    0.9995618821E+00    0.1009966238E+01
    0.9465000000E+01    0.9905733681E+00    0.1000446418E+01    0.1009967005E+01
    0.9475000000E+01    0.9898226470E+00    0.9996876501E+00    0.1009966435E+01
    0.9485000000E+01    0.9900612442E+00    0.9999284811E+00    0.1009966289E+01
    0.9495000000E+01    0.9911074517E+00    0.1000986839E+01    0.1009968028E+01
    0.9505000000E+01    0.9894499891E+00    0.9993116182E+00    0.1009966779E+01
    0.9515000000E+01    0.9910320738E+00    0.1000911073E+01    0.1009968395E+01
    0.9525000000E+01    0.9898805902E+00    0.9997476421E+00    0.1009967921E+01
    0.9535000000E+01    0.9897661794E+00    0.9996314124E+00    0.1009967236E+01
    0.9545000000E+01    0.9898282938E+00    0.9996935765E+00    0.1009966661E+01
    0.9555000000E+01    0.9903413997E+00    0.1000212161E+01    0.1009967028E+01
    0.9565000000E+01    0.9904219741E+00    0.1000294052E+01    0.1009967547E+01
    0.9575000000E+01    0.9900704431E+00    0.9999388870E+00    0.1009967416E+01
    0.9585000000E+01    0.9901723076E+00    0.1000041824E+01    0.1009967474E+01
    0.9595000000E+01    0.9909863175E+00    0.1000865517E+01    0.1009969057E+01
    0.9605000000E+01    0.9902974038E+00    0.1000170029E+01    0.1009969354E+01
    0.9615000000E+01    0.9903543489E+00    0.1000227944E+01    0.1009969760E+01
    0.9625000000E+01    0.9903742128E+00    0.1000248447E+01    0.1009970206E+01
    0.9635000000E+01    0.9904266685E+00    0.1000301969E+01    0.1009970754E+01
    0.9645000000E+01    0.9899420897E+00    0.9998121885E+00    0.1009970380E+01
    0.9655000000E+01    0.9905447315E+00    0.1000421611E+01    0.1009971160E+01
    0.9665000000E+01    0.9899676626E+00    0.9998384644E+00    0.1009970833E+01
    0.9675000000E+01    0.9896354257E+00    0.9995019538E+00    0.1009969861E+01
    0.9685000000E+01    0.9898754060E+00    0.9997438207E+00    0.1009969350E+01
    0.9695000000E+01    0.9893130372E+00    0.9991742527E+00    0.1009967740E+01
    0.9705000000E+01    0.9912901525E+00    0.1001173304E+01    0.1009969989E+01
    0.9715000000E+01    0.9898800124E+00    0.9997486025E+00    0.1009969481E+01
    0.9725000000E+01    0.9894815718E+00    0.9993449066E+00    0.1009968184E+01
    0.9735000000E+01    0.9907561166E+00    0.1000633364E+01    0.1009969404E+01
    0.9745000000E+01    0.9901666208E+00    0.1000038046E+01    0.1009969458E+01
    0.9755000000E+01    0.9905647383E+00    0.1000440974E+01    0.1009970308E+01
    0.9765000000E+01    0.9900482401E+00    0.9999191473E+00    0.1009970128E+01
    0.9775000000E+01    0.9899004132E+00    0.9997693726E+00    0.1009969649E+01
    0.9785000000E+01    0.9904944363E+00    0.1000370029E+01    0.1009970367E+01
    0.9795000000E+01    0.9906563529E+00    0.1000534602E+01    0.1009971418E+01
    0.9805000000E+01    0.9906095333E+00    0.1000488268E+01    0.1009972380E+01
    0.9815000000E+01    0.9900862414E+00    0.9999596567E+00    0.1009972278E+01
    0.9825000000E+01    0.9907621166E+00    0.1000643545E+01    0.1009973563E+01
    0.9835000000E+01    0.9904009178E+00    0.1000279287E+01    0.1009974111E+01
    0.9845000000E+01    0.9893449991E+00    0.9992112197E+00    0.1009972477E+01
    0.9855000000E+01    0.9903223519E+00    0.1000198703E+01    0.1009972865E+01
    0.9865000000E+01    0.9904945093E+00    0.1000373319E+01    0.1009973613E+01
    0.9875000000E+01    0.9902816327E+00    0.1000158623E+01    0.1009973921E+01
    0.9885000000E+01    0.9906366807E+00    0.1000518259E+01    0.1009974977E+01
    0.9895000000E+01    0.9907206379E+00    0.1000604282E+01    0.1009976217E+01
    0.9905000000E+01    0.9897414008E+00    0.9996144556E+00    0.1009975388E+01
    0.9915000000E+01    0.9903756907E+00    0.1000255585E+01    0.1009975905E+01
    0.9925000000E+01    0.9903375967E+00    0.1000217545E+01    0.1009976343E+01
    0.9935000000E+01    0.9897306887E+00    0.9996037288E+00    0.1009975481E+01
    0.9945000000E+01    0.9896664697E+00    0.9995378737E+00    0.1009974476E+01
    0.9955000000E+01    0.9901252899E+00    0.1000001252E+01    0.1009974457E+01
    0.9965000000E+01    0.9907311610E+00    0.1000614452E+01    0.1009975755E+01
    0.9975000000E+01    0.9902140697E+00    0.1000092379E+01    0.1009975933E+01
    0.9985000000E+01    0.9900548658E+00    0.9999314181E+00    0.1009975763E+01
    0.9995000000E+01    0.9894154086E+00    0.9992840197E+00    0.1009974184E+01
    0.1000500000E+02    0.9898143371E+00    0.9996862275E+00    0.1009973477E+01
    0.1001500000E+02    0.9898934654E+00    0.9997656145E+00    0.1009972941E+01
    0.1002500000E+02    0.9898130661E+00    0.9996837023E+00    0.1009972223E+01
    0.1003500000E+02    0.9910209361E+00    0.1000905580E+01    0.1009974203E+01
    0.1004500000E+02    0.9889314924E+00    0.9987926228E+00    0.1009971500E+01
    0.1005500000E+02    0.9897177045E+00    0.9995857385E+00    0.1009970554E+01
    0.1006500000E+02    0.9914059287E+00    0.1001293645E+01    0.1009973429E+01
    0.1007500000E+02    0.9904510468E+00    0.1000329953E+01    0.1009974149E+01
    0.1008500000E+02    0.9897686062E+00    0.9996398782E+00    0.1009973313E+01
    0.1009500000E+02    0.9904183421E+00    0.1000296738E+01    0.1009973963E+01
    0.1010500000E+02    0.9898610509E+00    0.9997332654E+00    0.1009973334E+01
    0.1011500000E+02    0.9902328082E+00    0.1000108955E+01    0.1009973560E+01
    0.1012500000E+02    0.9908357653E+00    0.1000719540E+01    0.1009975190E+01
    0.1013500000E+02    0.9895428582E+00    0.9994123728E+00    0.1009973812E+01
    0.1014500000E+02    0.9900886244E+00    0.9999634760E+00    0.1009973705E+01
    0.1015500000E+02    0.9902845537E+00    0.1000161709E+01    0.1009974058E+01
    0.1016500000E+02    0.9900955218E+00    0.9999707016E+00    0.1009973967E+01
    0.1017500000E+02    0.9906557881E+00    0.1000537783E+01    0.1009975205E+01
    0.1018500000E+02    0.9903679509E+00    0.1000247630E+01    0.1009975766E+01
    0.1019500000E+02    0.9900508766E+00    0.9999271989E+00    0.1009975570E+01
    0.1020500000E+02    0.9896525624E+00    0.9995237681E+00    0.1009974415E+01
    0.1021500000E+02    0.9899911168E+00    0.9998653582E+00    0.1009974071E+01
    0.1022500000E+02    0.9900850431E+00    0.9999601035E+00    0.1009973952E+01
    0.1023500000E+02    0.9902704793E+00    0.1000147718E+01    0.1009974284E+01
    0.1024500000E+02    0.9905138056E+00    0.1000394393E+01    0.1009975214E+01
    0.1025500000E+02    0.9895457352E+00    0.9994152370E+00    0.1009973770E+01
    0.1026500000E+02    0.9897709672E+00    0.9996418273E+00    0.1009972873E+01
    0.1027500000E+02    0.9898640169E+00    0.9997351391E+00    0.1009972200E+01
    0.1028500000E+02    0.9902492116E+00    0.1000124455E+01    0.1009972483E+01
    0.1029500000E+02    0.9908640248E+00    0.1000747205E+01    0.1009974305E+01
    0.1030500000E+02    0.9903820280E+00    0.1000261019E+01    0.1009974929E+01
    0.1031500000E+02    0.9905394649E+00    0.1000421042E+01    0.1009975955E+01
    0.1032500000E+02    0.9896478748E+00    0.9995193423E+00    0.1009974727E+01
    0.1033500000E+02    0.9901747743E+00    0.1000051602E+01    0.1009974833E+01
    0.1034500000E+02    0.9903327569E+00    0.1000211666E+01    0.1009975343E+01
    0.1035500000E+02    0.9892636665E+00    0.9991297018E+00    0.1009973110E+01
    0.1036500000E+02    0.9897273677E+00    0.9995969866E+00    0.1009972058E+01
    0.1037500000E+02    0.9902283661E+00    0.1000103218E+01    0.1009972298E+01
    0.1038500000E+02    0.9902384606E+00    0.1000113679E+01    0.1009972566E+01
    0.1039500000E+02    0.9900299155E+00    0.9999027805E+00    0.1009972290E+01
    0.1040500000E+02    0.9906236791E+00    0.1000503736E+01    0.1009973572E+01
    0.1041500000E+02    0.9898723697E+00    0.9997442483E+00    0.1009972880E+01
    0.1042500000E+02    0.9894829000E+00    0.9993491835E+00    0.1009971151E+01
    0.1043500000E+02    0.9900109728E+00    0.9998821902E+00    0.1009970816E+01
    0.1044500000E+02    0.9906917024E+00    0.1000571177E+01    0.1009972300E+01
    0.1045500000E+02    0.9895868020E+00    0.9994537989E+00    0.1009970825E+01
    0.1046500000E+02    0.9896988808E+00    0.9995658244E+00    0.1009969642E+01
    0.1047500000E+02    0.9903612290E+00    0.1000235375E+01    0.1009970247E+01
    0.1048500000E+02    0.9898259836E+00    0.9996939527E+00    0.1009969398E+01
    0.1049500000E+02    0.9897224225E+00    0.9995882322E+00    0.1009968259E+01
    0.1050500000E+02    0.9905540221E+00    0.1000429250E+01    0.1009969399E+01
    0.1051500000E+02    0.9901763170E+00    0.1000047884E+01    0.1009969504E+01
    0.1052500000E+02    0.9896940591E+00    0.9995595976E+00    0.1009968271E+01
    0.1053500000E+02    0.9903471732E+00    0.1000219796E+01    0.1009968850E+01
    0.1054500000E+02    0.9907597964E+00    0.1000638255E+01    0.1009970589E+01
    0.1055500000E+02    0.9905731175E+00    0.1000450930E+01    0.1009971816E+01
    0.1056500000E+02    0.9902548808E+00    0.1000129853E+01    0.1009972152E+01
    0.1057500000E+02    0.9904343315E+00    0.1000311934E+01    0.1009973001E+01
    0.1058500000E+02    0.9901101480E+00    0.9999844475E+00    0.1009972930E+01
    0.1059500000E+02    0.9901052178E+00    0.9999793841E+00    0.1009972845E+01
    0.1060500000E+02    0.9904000125E+00    0.1000277875E+01    0.1009973609E+01
    0.1061500000E+02    0.9901716078E+00    0.1000047300E+01    0.1009973717E+01
    0.1062500000E+02    0.9902691284E+00    0.1000146182E+01    0.1009974110E+01
    0.1063500000E+02    0.9889990139E+00    0.9988601200E+00    0.1009970795E+01
    0.1064500000E+02    0.9899534776E+00    0.9998235673E+00    0.1009970256E+01
    0.1065500000E+02    0.9895228216E+00    0.9993868234E+00    0.1009968443E+01
    0.1066500000E+02    0.9898699706E+00    0.9997366430E+00    0.1009967645E+01
    0.1067500000E+02    0.9896234035E+00    0.9994860957E+00    0.1009966106E+01
    0.1068500000E+02    0.9894165785E+00    0.9992750630E+00    0.1009963937E+01
    0.1069500000E+02    0.9899746392E+00    0.9998381812E+00    0.1009963429E+01
    0.1070500000E+02    0.9898002487E+00    0.9996610249E+00    0.1009962390E+01
    0.1071500000E+02    0.9898702451E+00    0.9997308927E+00    0.1009961556E+01
    0.1072500000E+02    0.9897135219E+00    0.9995713027E+00    0.1009960237E+01
    0.1073500000E+02    0.9903944900E+00    0.1000259804E+01    0.1009960995E+01
    0.1074500000E+02    0.9908435483E+00    0.1000715464E+01    0.1009963142E+01
    0.1075500000E+02    0.9904094584E+00    0.1000277862E+01    0.1009963963E+01
    0.1076500000E+02    0.9903137611E+00    0.1000181736E+01    0.1009964493E+01
